TimeStamp(s),FrameCounter,AccX,AccY,AccZ,GyrX,GyrY,GyrZ,EulerX,EulerY,EulerZ
0.01,1,-0.006999999999999999,-1.007,0.065,0.0,-2.1772404,0.11459160000000004,91.20345444,-1.2032117999999998,-38.81217492
0.02,2,-0.006999999999999999,-1.006,0.07400000000000001,-0.4583664000000001,-2.8074942000000003,0.0,91.19772486,-1.2032117999999998,-38.84082282
0.03,3,-0.014,-1.006,0.07200000000000001,-0.9740286,-2.8074942000000003,-0.057295800000000015,91.19199528,-1.19748222,-38.86947072
0.04,4,-0.021,-1.006,0.068,-1.3750992,-2.6356068,-0.286479,91.17480654,-1.19175264,-38.89238904
0.05,5,-0.025,-1.007,0.062,-1.6615782,-2.0626488000000003,-0.4010706,91.18053612,-1.19175264,-38.91530736
0.060000000000000005,6,-0.026,-1.007,0.059,-1.8907613999999997,-1.5469866,-0.5156622000000001,91.16334738,-1.18602306,-38.9324961
0.06999999999999999,7,-0.02,-1.011,0.06,-1.8334656000000005,-1.145916,-0.6302538000000001,91.14615864,-1.1745638999999999,-38.94395526
0.08,8,-0.016,-1.016,0.057,-2.2345362,-1.145916,-0.7448454000000001,91.12324032,-1.1688343199999998,-38.95541442
0.09,9,-0.015,-1.015,0.053,-2.7501984,-1.145916,-0.7448454000000001,91.09459242,-1.16310474,-38.96687358000001
0.09999999999999999,10,-0.014,-1.009,0.052000000000000005,-3.2085648,-0.6302538000000001,-0.6302538000000001,91.0716741,-1.14018642,-38.96687358000001
0.11,11,-0.01,-1.006,0.055,-3.2085648,0.057295800000000015,-0.6875496,91.03729662,-1.13445684,-38.96687358000001
0.12,12,-0.005,-1.009,0.063,-3.8961144,1.145916,-1.0313244,90.99718956,-1.12299768,-38.95541442
0.13,13,-0.002,-1.018,0.077,-5.1566220000000005,1.432395,-1.9480572,90.94562334,-1.10580894,-38.93822568
0.14,14,-0.004,-1.027,0.084,-7.0473834,1.2605076000000002,-3.0366774,90.8711388,-1.07716104,-38.92676652
0.15000000000000002,15,-0.005,-1.03,0.073,-8.7089616,1.5469866,-4.0680017999999984,90.79092468,-1.0313244,-38.90957778
0.16,16,-0.005,-1.026,0.059,-9.568398599999998,2.1772404,-4.4117766,90.69352182,-0.9912173399999998,-38.88665946
0.17,17,0.001,-1.02,0.044,-9.9121734,3.3231564,-4.010706000000001,90.59038938,-0.95111028,-38.85801156
0.18000000000000002,18,0.003,-1.016,0.032,-10.0840608,5.0993262,-3.2658606,90.48725694,-0.92246238,-38.80644534
0.19,19,0.006,-1.015,0.028,-9.797581800000001,6.1879464,-2.5210152000000003,90.38985408,-0.89954406,-38.74914954000001
0.2,20,0.011,-1.01,0.032,-9.6829902,6.589017,-1.8907613999999997,90.28672164,-0.87089616,-38.67466500000001
0.21000000000000002,21,0.026,-1.006,0.037000000000000005,-9.3392154,6.703608600000001,-1.3178034,90.18931878,-0.86516658,-38.61163962
0.22,22,0.04,-1.005,0.042,-9.797581800000001,6.0733548,-0.9740286,90.09191592,-0.8537074199999999,-38.55434382
0.23,23,0.053,-1.003,0.042,-9.8548776,4.8128472,-0.6302538000000001,89.98878348,-0.8537074199999999,-38.5027776
0.24000000000000002,24,0.063,-1.003,0.038,-9.8548776,3.4377480000000005,-0.4583664000000001,89.88565104,-0.8479778399999999,-38.4741297
0.25,25,0.062,-1.001,0.034,-10.1986524,2.1199446,-0.286479,89.78824818,-0.8193299399999999,-38.43402264
0.26,26,0.057,-0.999,0.032,-10.599723,0.9167328,0.0,89.67938615999998,-0.8193299399999999,-38.42829306
0.27,27,0.05,-1.002,0.029,-10.4851314,0.1718874,0.4010706,89.57052414,-0.8250595199999999,-38.42829306
0.28,28,0.045,-1.006,0.032,-10.1413566,-0.7448454000000001,1.0313244,89.47312128,-0.83651868,-38.43402264
0.29000000000000004,29,0.041,-1.007,0.032,-9.9121734,-1.8907613999999997,1.7188740000000002,89.36998884,-0.8537074199999999,-38.45694096
0.3,30,0.034,-1.001,0.033,-9.3965112,-2.1772404,2.291832,89.28404514,-0.8594370000000001,-38.46840012
0.31,31,0.025,-0.999,0.043,-8.880849000000003,-2.4064236,2.6929026,89.19237186000002,-0.8880849000000001,-38.49131844
0.32,32,0.011,-0.999,0.046,-9.167328,-2.1199446,2.5210152000000003,89.10069858,-0.91100322,-38.51423676
0.33,33,-0.003,-0.996,0.046,-9.0527364,-0.9167328,2.4637194,89.00902529999998,-0.93965112,-38.52569592
0.34,34,-0.016,-0.995,0.046,-8.193299399999999,1.7188740000000002,2.578311,88.9230816,-0.96256944,-38.50850718
0.35000000000000003,35,-0.028,-0.995,0.049,-7.5630456000000015,4.4690724,2.86479,88.86005622,-0.9969469199999998,-38.46840012
0.36000000000000004,36,-0.033,-0.993,0.053,-7.0473834,7.161975,3.2085648,88.78557168,-1.0313244,-38.39964516
0.37,37,-0.03,-0.996,0.052000000000000005,-6.760904399999999,10.255948199999999,3.4950437999999995,88.71681672,-1.06570188,-38.29651272
0.38,38,-0.024,-1.01,0.053,-6.3598338,13.349921400000001,3.4950437999999995,88.64806175999998,-1.10580894,-38.16473238
0.39,39,-0.02,-1.027,0.067,-7.1046792000000005,15.813640800000002,3.4377480000000005,88.56784764,-1.14018642,-38.00430414
0.4,40,-0.021,-1.028,0.073,-8.3651868,18.3919518,4.2398892,88.48763352,-1.18029348,-37.82668716
0.41000000000000003,41,-0.024,-1.02,0.069,-9.1100322,20.798375399999998,6.016058999999999,88.39023066,-1.24331886,-37.62042228
0.42000000000000004,42,-0.023,-1.012,0.051,-6.760904399999999,21.6005166,8.651665800000002,88.31001654,-1.32926256,-37.40269823999999
0.43,43,-0.013,-1.015,0.026,-4.4117766,18.6784308,10.7143146,88.25845032,-1.43812458,-37.2136221
0.44,44,0.002,-1.006,0.01,-6.4744254,14.7250206,12.891555,88.18969536,-1.56417534,-37.06465302
0.45,45,0.012,-0.983,0.013,-9.5111028,10.4851314,13.8082878,88.0922925,-1.6959556799999995,-36.955791
0.46,46,0.001,-0.962,0.026,-10.9434978,6.6463128000000005,12.7196676,87.9777009,-1.82200644,-36.88703604
0.47000000000000003,47,-0.008,-0.951,0.026,-11.8602306,3.6096354,10.026765,87.85165014,-1.92513888,-36.85265856
0.48000000000000004,48,-0.005,-0.941,0.008,-13.464512999999998,-1.0886202,7.3911582,87.7198698,-1.99962342,-36.86411772
0.49,49,0.011,-0.952,-0.009000000000000001,-15.985528200000001,-6.875496000000001,4.9847345999999995,87.55944156000002,-2.05118964,-36.9271431
0.5,50,0.027000000000000003,-0.997,-0.01,-18.334656,-12.6623718,2.5210152000000003,87.38182458,-2.06837838,-37.05319386
0.51,51,0.037000000000000005,-1.056,0.001,-19.7097552,-15.6417534,1.8907613999999997,87.18701886,-2.0912967,-37.20789252
0.52,52,0.04,-1.104,0.03,-20.2254174,-18.5638392,2.8074942000000003,86.99221314,-2.12567418,-37.39123908
0.53,53,0.04,-1.128,0.053,-19.0222056,-21.3713334,5.1566220000000005,86.80886658,-2.18296998,-37.60323354
0.54,54,0.015,-1.122,0.048,-15.469866,-26.8717302,9.224623800000002,86.66562708000002,-2.28610242,-37.86679422
0.55,55,-0.036000000000000004,-1.09,0.05,-11.45916,-33.518043,13.2353298,86.5739538,-2.42934192,-38.19338028
0.56,56,-0.078,-1.041,0.063,-9.568398599999998,-35.3515086,14.7823164,86.49946926,-2.58977016,-38.5314255
0.5700000000000001,57,-0.123,-0.977,0.114,-7.1046792000000005,-33.2888598,13.8082878,86.44790304,-2.73873924,-38.85801156
0.5800000000000001,58,-0.147,-0.953,0.154,-3.8961144,-26.41336380000001,11.688343199999998,86.41925513999998,-2.86479,-39.11011308
0.59,59,-0.161,-0.966,0.16899999999999998,-0.8594370000000001,-22.058883,10.7143146,86.42498472,-2.9793816000000004,-39.32210754000001
0.6,60,-0.166,-1.001,0.173,0.9167328,-19.595163600000006,11.45916,86.48228051999996,-3.11116194,-39.51691326
0.61,61,-0.16399999999999998,-1.028,0.162,0.5156622000000001,-18.048177,13.2926256,86.49946926,-3.2486718599999995,-39.68880066
0.62,62,-0.163,-1.032,0.139,-1.0313244,-18.162768600000003,15.0114996,86.49946926,-3.40337052,-39.86068806
0.63,63,-0.165,-1.019,0.114,-3.8961144,-19.0222056,15.813640800000002,86.47655094000002,-3.56952834,-40.03830504
0.64,64,-0.16899999999999998,-0.991,0.093,-6.589017,-19.0795014,15.469866,86.41925513999998,-3.7299565800000014,-40.2216516
0.65,65,-0.17,-0.96,0.066,-7.9641161999999985,-17.9908812,14.381245800000002,86.36768892,-3.89038482,-40.39926858
0.66,66,-0.17,-0.942,0.052000000000000005,-8.9954406,-15.756345000000001,12.4904844,86.28747480000001,-4.022165159999999,-40.54823766
0.67,67,-0.163,-0.926,0.054000000000000006,-9.453807000000001,-12.0894138,10.886202,86.2015311,-4.13675676,-40.66282926
0.68,68,-0.14800000000000002,-0.919,0.062,-8.880849000000003,-7.7349330000000025,9.568398599999998,86.11558740000002,-4.23415962,-40.73158422
0.6900000000000001,69,-0.136,-0.912,0.07,-8.7089616,-3.8961144,8.7662574,86.02964370000002,-4.325832900000001,-40.76596170000001
0.7000000000000001,70,-0.125,-0.91,0.07,-8.307891,-1.0313244,8.7662574,85.9723479,-4.42323576,-40.78315044
0.7100000000000001,71,-0.124,-0.921,0.071,-7.161975,1.2605076000000002,9.3392154,85.89786336,-4.5206386200000015,-40.76023212
0.72,72,-0.117,-0.936,0.084,-6.1879464,3.380452200000001,10.255948199999999,85.83483798,-4.6180414800000005,-40.72012506
0.73,73,-0.111,-0.951,0.102,-6.2452422,5.3285094000000015,10.886202,85.76608302,-4.7269035000000015,-40.66282926
0.74,74,-0.11,-0.944,0.112,-5.5576926,6.1879464,10.6570188,85.70305764,-4.83003594,-40.5940743
0.75,75,-0.121,-0.948,0.141,-4.297185,7.2192707999999985,9.3965112,85.69732806,-4.9274388,-40.52531934
0.76,76,-0.129,-0.959,0.165,-3.4377480000000005,9.797581800000001,8.250595200000001,85.65149142,-5.00765292,-40.4221869
0.77,77,-0.131,-0.965,0.17,-2.4064236,12.032117999999999,7.3911582,85.61711394,-5.07640788,-40.29613614
0.78,78,-0.133,-0.976,0.171,-1.432395,13.5791046,6.760904399999999,85.58846604,-5.13370368,-40.15862622
0.79,79,-0.141,-0.998,0.17800000000000002,-0.4583664000000001,14.667724800000002,6.8182002000000015,85.56554772,-5.19672906,-40.00392756
0.8,80,-0.153,-1.017,0.206,0.6302538000000001,17.5325148,7.2765666,85.5999252,-5.2654840200000015,-39.83204016
0.81,81,-0.122,-1.014,0.196,2.1199446,19.8816426,7.7349330000000025,85.5999252,-5.33423898,-39.63150486
0.8200000000000001,82,-0.096,-0.993,0.184,2.9793816000000004,16.673077799999998,7.161975,85.61138436,-5.397264359999999,-39.45961746
0.8300000000000001,83,-0.093,-0.98,0.185,1.3750992,10.4851314,6.1879464,85.61711394,-5.45456016,-39.35075544
0.8400000000000001,84,-0.124,-0.997,0.189,0.11459160000000004,3.8388186,6.2452422,85.61138436,-5.51185596,-39.3049188
0.85,85,-0.166,-1.034,0.189,-1.0886202,-0.8021411999999999,6.6463128000000005,85.69159848,-5.60925882,-39.32783712
0.86,86,-0.217,-1.065,0.17800000000000002,-2.3491278,-3.151269,6.130650599999999,85.66868016,-5.6722842,-39.35648502
0.87,87,-0.233,-1.0590000000000002,0.146,-2.578311,-2.7501984,3.9534102,85.64576184,-5.71239126,-39.37940334
0.88,88,-0.227,-1.046,0.096,-2.1199446,-0.8021411999999999,0.4010706,85.62857310000003,-5.71812084,-39.38513292
0.89,89,-0.221,-1.018,0.063,-0.4583664000000001,0.11459160000000004,-1.5469866,85.62284352,-5.7009320999999975,-39.38513292
0.9,90,-0.215,-0.99,0.07200000000000001,5.2712136,0.0,-1.6042823999999998,85.7431647,-5.74103916,-39.41378082
0.91,91,-0.204,-0.977,0.09,11.917526400000002,2.0053530000000004,-0.3437748,85.86348588000001,-5.735309579999999,-39.39659208
0.92,92,-0.215,-0.97,0.104,14.7250206,3.724227,0.9740286,86.00672538,-5.746768739999999,-39.35648502
0.93,93,-0.242,-0.945,0.122,14.2093584,5.844171599999999,1.432395,86.1442353,-5.75249832,-39.29345964
0.9400000000000001,94,-0.27,-0.91,0.155,14.610429000000002,8.9954406,1.3178034,86.28174521999998,-5.76395748,-39.20178636
0.9500000000000001,95,-0.298,-0.8859999999999999,0.205,16.615782,12.2040054,0.7448454000000001,86.48228051999996,-5.79833496,-39.09292434
0.9600000000000001,96,-0.32,-0.889,0.22,19.6524594,15.3552744,-0.4010706,86.6598975,-5.7868758,-38.93822568
0.97,97,-0.333,-0.943,0.16399999999999998,22.0015872,16.157415599999997,-1.8334656000000005,86.86616238,-5.76395748,-38.77206786000001
0.98,98,-0.277,-1.084,0.04,22.1161788,17.246035799999998,-2.578311,87.07242726,-5.735309579999999,-38.60018046
0.99,99,-0.13,-1.329,-0.132,19.7097552,14.5531332,0.3437748,87.25577381999999,-5.72958,-38.45694096
1.0,100,0.023,-1.524,-0.151,21.3713334,1.0886202,6.016058999999999,87.46776828,-5.7868758,-38.43975222
1.01,101,0.073,-1.508,-0.081,20.1108258,-16.7876694,6.9327918,87.69122189999999,-5.85563076,-38.60018046
1.02,102,0.014,-1.258,-0.07,16.673077799999998,-24.923673,-0.6875496,87.8917572,-5.849901179999999,-38.8465524
1.03,103,-0.06,-1.021,-0.052000000000000005,20.3973048,-20.912967,-11.6310474,88.12094040000002,-5.735309579999999,-39.05281728
1.04,104,-0.1,-0.966,-0.043,23.491278,-14.667724800000002,-20.168121600000006,88.3787715,-5.5290447,-39.20178636
1.05,105,-0.105,-1.107,-0.054000000000000006,24.064235999999998,-6.2452422,-26.2414764,88.62514344,-5.2654840200000015,-39.27054132
1.06,106,-0.086,-1.262,-0.071,19.5378678,5.6149884000000005,-29.621928600000004,88.81994916,-4.97327544,-39.2189751
1.07,107,-0.053,-1.332,-0.12,11.229976800000001,15.183387000000002,-30.4240698,88.91735202,-4.669607699999999,-39.07000602
1.08,108,-0.035,-1.278,-0.182,2.578311,23.491278,-29.7365202,88.9230816,-4.37739912,-38.84082282
1.09,109,-0.037000000000000005,-1.142,-0.214,-0.1718874,30.4240698,-26.2414764,88.89443370000002,-4.11956802,-38.54288466000001
1.1,110,-0.062,-1.013,-0.202,0.0,29.793816,-19.5378678,88.84286748000002,-3.9247623,-38.24494650000001
1.11,111,-0.066,-0.931,-0.17,-0.6302538000000001,25.7258142,-12.032117999999999,88.81421958,-3.810170700000002,-37.99284498
1.12,112,-0.057,-0.915,-0.106,-1.3750992,21.1421502,-7.161975,88.78557168,-3.74141574,-37.78085052
1.1300000000000001,113,-0.039,-0.937,-0.049,-2.0626488000000003,16.157415599999997,-6.703608600000001,88.7511942,-3.67266078,-37.62615186
1.1400000000000001,114,0.006999999999999999,-0.973,-0.039,-2.1199446,13.6364004,-10.7716104,88.7225463,-3.56952834,-37.49437152
1.1500000000000001,115,0.04,-1.001,-0.026,-2.0626488000000003,12.261301199999998,-16.673077799999998,88.68816882,-3.38618178,-37.36832076
1.1600000000000001,116,0.052000000000000005,-0.997,0.0,-1.2032118,11.2872726,-22.91832,88.6652505,-3.15699858,-37.25945874
1.17,117,0.06,-0.962,0.026,0.11459160000000004,11.516455800000001,-27.788463,88.65952092,-2.88197874,-37.15059672
1.18,118,0.062,-0.914,0.037000000000000005,1.0313244,10.4851314,-29.621928600000004,88.6652505,-2.58977016,-37.05319386
1.19,119,0.063,-0.882,0.042,1.4896908000000002,9.5111028,-28.361421000000004,88.67098008,-2.30329116,-36.96152058
1.2,120,0.067,-0.867,0.048,1.6042823999999998,8.193299399999999,-25.2674478,88.69389840000002,-2.03973048,-36.88130646000001
1.21,121,0.07,-0.861,0.051,1.0886202,7.7922288,-21.1421502,88.69962798,-1.82773602,-36.80682192
1.22,122,0.07,-0.872,0.059,0.8021411999999999,7.0473834,-17.5325148,88.70535756,-1.6558486199999998,-36.74379654
1.23,123,0.065,-0.8859999999999999,0.06,-0.057295800000000015,4.6982556,-15.5844576,88.69962798,-1.50114996,-36.6979599
1.24,124,0.059,-0.905,0.047,-1.6615782,3.151269,-15.0687954,88.68243924,-1.35218088,-36.66931200000001
1.25,125,0.062,-0.916,0.032,-2.6929026,2.1772404,-15.183387000000002,88.6652505,-1.18029348,-36.64639368
1.26,126,0.06,-0.918,0.037000000000000005,-4.0680017999999984,0.11459160000000004,-15.469866,88.61941386,-1.0255948199999998,-36.64639368
1.27,127,0.047,-0.909,0.034,-3.8388186,-2.578311,-15.813640800000002,88.57930680000004,-0.87089616,-36.67504158
1.28,128,0.037000000000000005,-0.901,0.037000000000000005,-3.4377480000000005,-4.2398892,-15.527161800000002,88.54492932000002,-0.7161975,-36.72087822
1.29,129,0.026,-0.895,0.049,-1.9480572,-4.9274388,-14.8396122,88.52774058,-0.56722842,-36.77244444
1.3,130,0.015,-0.905,0.056,0.0,-5.0993262,-13.9228794,88.54492932000002,-0.42398892,-36.82974024
1.31,131,0.003,-0.919,0.061,-0.4583664000000001,-3.724227,-12.7769634,88.53919973999999,-0.29793816,-36.869847299999996
1.32,132,0.01,-0.924,0.057,-0.3437748,-0.572958,-11.1153852,88.53919973999999,-0.18334656,-36.87557688
1.33,133,0.023,-0.935,0.054000000000000006,-0.1718874,3.0939732,-9.224623800000002,88.53347016000002,-0.09167328,-36.84692898
1.34,134,0.035,-0.936,0.051,-0.4010706,6.3598338,-7.3911582,88.52774058,-0.02291832,-36.7839036
1.35,135,0.048,-0.929,0.057,-0.286479,8.307891,-5.844171599999999,88.54492932000002,0.05156622,-36.6979599
1.36,136,0.063,-0.924,0.07200000000000001,0.0,8.880849000000003,-4.6409598,88.54492932000002,0.09740286,-36.6120162
1.37,137,0.086,-0.92,0.087,0.0,8.479778399999999,-3.4950437999999995,88.54492932000002,0.13178034,-36.5260725
1.3800000000000001,138,0.1,-0.919,0.109,0.9740286,6.9327918,-2.9793816000000004,88.55638848,0.16042824,-36.45731754000001
1.3900000000000001,139,0.104,-0.93,0.131,1.3750992,5.6722842,-2.578311,88.56784764,0.18907614,-36.40575132
1.4000000000000001,140,0.108,-0.944,0.145,1.7188740000000002,4.2398892,-2.3491278,88.68243924,0.28647900000000004,-36.33699636
1.4100000000000001,141,0.11,-0.964,0.118,1.6042823999999998,2.6356068,-1.9480572,88.69962798,0.30939732,-36.30834846
1.42,142,0.114,-0.973,0.066,0.9740286,1.0886202,-0.9740286,88.71108714,0.31512690000000004,-36.2968893
1.43,143,0.118,-0.967,0.046,2.0053530000000004,0.0,0.7448454000000001,88.72827588,0.30939732,-36.2968893
1.44,144,0.129,-0.951,0.056,3.2658606,-2.0053530000000004,2.9793816000000004,88.76265336,0.28074942,-36.31980762
1.45,145,0.149,-0.931,0.097,5.7868758000000025,-5.2712136,5.9014674000000005,88.85432664,0.26356068,-36.3541851
1.46,146,0.161,-0.939,0.152,7.6776372,-10.9434978,8.5370742,88.93454076,0.17761697999999998,-36.46304712
1.47,147,0.16399999999999998,-0.982,0.172,6.9327918,-16.386598799999998,9.3392154,89.00329572000004,0.0859437,-36.62347536
1.48,148,0.149,-1.055,0.14,4.6982556,-19.9962342,7.906820400000001,89.05486194,0.01145916,-36.81828108000001
1.49,149,0.112,-1.118,0.128,4.010706000000001,-20.5691922,4.010706000000001,89.10069858,-0.02291832,-37.01881638
1.5,150,0.039,-1.143,0.122,3.8388186,-20.2827132,-0.6302538000000001,89.15799438,-0.00572958,-37.21935168
1.51,151,-0.013,-1.121,0.132,3.151269,-16.615782,-3.9534102,89.19237186000002,0.028647900000000007,-37.3855095
1.52,152,-0.03,-1.078,0.173,4.3544808,-12.3758928,-5.3858052,89.2382085,0.0859437,-37.50583068
1.53,153,-0.032,-1.051,0.228,8.3651868,-8.8235532,-6.016058999999999,89.3241522,0.14896908,-37.59177438
1.54,154,0.001,-1.055,0.271,13.521808800000002,-3.5523396000000003,-6.589017,89.46166212,0.21199446,-37.62615186
1.55,155,0.059,-1.068,0.29100000000000004,15.756345000000001,-1.432395,-5.72958,89.67365658,0.28647900000000004,-37.63188144
1.56,156,0.112,-1.068,0.28600000000000003,16.7303736,-1.8907613999999997,-2.6356068,89.84554397999999,0.31512690000000004,-37.64907018
1.57,157,0.175,-1.048,0.292,19.6524594,-5.5003968,2.4637194,90.04034970000002,0.29220857999999994,-37.7006364
1.58,158,0.236,-1.051,0.278,22.8037284,-12.834259199999998,7.2765666,90.27526248,0.2291832000000001,-37.82668716
1.59,159,0.259,-1.1,0.205,21.9442914,-22.2307704,9.3392154,90.50444568,0.14323950000000002,-38.0444112
1.6,160,0.212,-1.165,0.127,21.485925,-31.971056400000002,8.136003599999999,90.7278993,0.0859437,-38.3595381
1.61,161,0.098,-1.1909999999999998,0.113,26.356068,-39.3622146,3.5523396000000003,91.00291914,0.06875496,-38.74341996
1.62,162,0.008,-1.141,0.111,30.9970278,-43.20103320000001,-2.2345362,91.31804604,0.11459160000000004,-39.16740888
1.6300000000000001,163,-0.062,-1.084,0.047,30.5959572,-43.0291458,-7.7349330000000025,91.63317294,0.21772404,-39.58566822
1.6400000000000001,164,-0.112,-1.072,-0.058,29.67922440000001,-41.9978214,-12.9488508,91.94257026,0.3724227000000001,-39.9924684
1.6500000000000001,165,-0.157,-1.125,-0.182,24.5226024,-41.4248634,-16.329303,92.17748304,0.55576926,-40.393539
1.6600000000000001,166,-0.213,-1.199,-0.301,14.7823164,-39.9924684,-19.308684600000007,92.32645212,0.7734933,-40.77742086
1.6700000000000002,167,-0.229,-1.238,-0.412,4.010706000000001,-35.122325399999994,-22.86102420000001,92.36655918,1.0255948199999998,-41.11546608
1.68,168,-0.208,-1.212,-0.476,-1.3750992,-30.65325300000001,-25.4393352,92.34937044,1.30061466,-41.40194508
1.69,169,-0.101,-1.104,-0.425,0.9740286,-26.298772200000002,-22.459953600000002,92.35510002,1.5412570200000002,-41.6540466
1.7,170,0.001,-1.002,-0.299,1.5469866,-21.6578124,-16.673077799999998,92.32072254,1.7188740000000002,-41.8545819
1.71,171,0.049,-0.987,-0.219,3.4950437999999995,-18.449247600000003,-12.605076,92.34937044,1.85638392,-42.03219888
1.72,172,0.07,-1.0659999999999998,-0.18600000000000005,5.7868758000000025,-16.501190400000002,-9.167328,92.40666624,1.9595163600000003,-42.18689754
1.73,173,0.067,-1.1740000000000002,-0.154,4.5263682,-13.980175199999998,-5.6722842,92.45250288,2.02827132,-42.32440746
1.74,174,0.03,-1.225,-0.122,2.2345362,-10.3705398,-2.0626488000000003,92.46969162,2.05691922,-42.4275399
1.75,175,0.01,-1.197,-0.123,2.8074942000000003,-5.72958,1.5469866,92.46396204,2.03973048,-42.48483570000001
1.76,176,-0.01,-1.138,-0.079,5.958763200000001,-1.9480572,4.8128472,92.52125784,1.99389384,-42.50202444
1.77,177,-0.034,-1.072,-0.027000000000000003,6.4744254,3.8388186,7.2765666,92.5900128,1.9194093000000003,-42.46764696
1.78,178,-0.066,-1.019,0.036000000000000004,5.844171599999999,11.4018642,9.5111028,92.65303818,1.81627686,-42.35878494
1.79,179,-0.08900000000000001,-0.979,0.084,4.583664,16.2147114,11.745639,92.69887482,1.6902260999999998,-42.20408628
1.8,180,-0.096,-0.946,0.107,2.5210152000000003,18.048177,13.750992000000002,92.73898188,1.5183387000000002,-42.03792846
1.81,181,-0.084,-0.92,0.114,-0.286479,17.0741484,15.2406828,92.73898188,1.35218088,-41.87750022
1.82,182,-0.069,-0.894,0.123,-4.4117766,15.985528200000001,16.2147114,92.69314524,1.18029348,-41.72853114
1.83,183,-0.051,-0.877,0.122,-8.136003599999999,14.7250206,16.558486199999994,92.61293112,1.0026765,-41.59102122
1.84,184,-0.037000000000000005,-0.868,0.1,-11.6310474,12.6623718,15.9282324,92.49260994,0.83651868,-41.47070004
1.85,185,-0.026,-0.871,0.062,-15.2979786,10.255948199999999,13.6936962,92.33791128,0.6875496,-41.37902676
1.86,186,-0.027000000000000003,-0.879,0.038,-19.308684600000007,8.136003599999999,11.0007936,92.14310556,0.5729580000000001,-41.30454222
1.87,187,-0.058,-0.8740000000000001,0.036000000000000004,-22.345362,8.078707799999998,9.5111028,91.91392236,0.46982556,-41.23578726
1.8800000000000001,188,-0.105,-0.861,0.054000000000000006,-23.2620948,11.2872726,9.1100322,91.67328,0.3724227000000001,-41.12692524
1.8900000000000001,189,-0.155,-0.8340000000000001,0.087,-22.6891368,17.761698000000006,9.797581800000001,91.4440968,0.26356068,-40.95503784
1.9000000000000001,190,-0.177,-0.8059999999999999,0.114,-20.511896399999998,26.929026,10.4851314,91.23783192,0.12605075999999998,-40.70293632
1.9100000000000001,191,-0.157,-0.802,0.112,-17.9908812,36.7839036,10.026765,91.05448536,0.00572958,-40.341972780000006
1.9200000000000002,192,-0.113,-0.807,0.08800000000000001,-16.673077799999998,44.117766,8.4224826,90.87686838,-0.09167328,-39.90652470000001
1.93,193,-0.07400000000000001,-0.823,0.066,-14.037471,47.3836266,5.6722842,90.7278993,-0.16615782,-39.44242872
1.94,194,-0.024,-0.82,0.076,-13.0634424,48.987909,1.2032118,90.5846598,-0.20053530000000008,-38.961144
1.95,195,0.009000000000000001,-0.807,0.11,-11.6310474,49.04520479999999,-2.5210152000000003,90.4700682,-0.18907614,-38.4741297
1.96,196,0.055,-0.8220000000000001,0.155,-9.740286,48.0138804,-5.9014674000000005,90.36120618,-0.14896908,-38.00430414
1.97,197,0.091,-0.838,0.161,-8.8235532,45.0917946,-7.9641161999999985,90.26380332,-0.0859437,-37.5573969
1.98,198,0.104,-0.893,0.152,-6.4744254,39.3049188,-8.3651868,90.19504836000002,-0.01718874,-37.16778546
1.99,199,0.098,-0.956,0.171,-6.0733548,34.8358464,-7.1046792000000005,90.1262934,0.04010706,-36.82401066
2.0,200,0.08900000000000001,-1.007,0.173,-4.010706000000001,30.366774000000003,-4.7555514,90.10337508,0.09167328,-36.52034292
2.01,201,0.093,-1.051,0.141,-3.380452200000001,24.1215318,-3.0366774,90.06899759999996,0.11459160000000004,-36.27970056
2.02,202,0.1,-1.0759999999999998,0.131,-3.380452200000001,15.756345000000001,-3.0939732,90.02889053999998,0.14323950000000002,-36.1250019
2.03,203,0.08900000000000001,-1.105,0.117,-3.0366774,10.9434978,-4.2398892,90.00024264,0.18334656,-36.01613988
2.04,204,0.061,-1.122,0.116,-2.6929026,7.2765666,-4.2398892,89.97159474,0.22345362,-35.94738492000001
2.05,205,0.009000000000000001,-1.139,0.138,-3.7815227999999994,5.2712136,-3.8388186,89.96013558000001,0.25783110000000004,-35.89581869999999
2.0599999999999996,206,-0.019,-1.135,0.158,-4.9274388,6.1879464,-3.380452200000001,89.90856936,0.28647900000000004,-35.83279331999999
2.07,207,-0.033,-1.13,0.217,-3.0939732,7.333862400000001,-3.4950437999999995,89.87419188,0.32085648,-35.75830878
2.0799999999999996,208,-0.052000000000000005,-1.17,0.289,-2.5210152000000003,10.3705398,-4.0680017999999984,89.84554397999999,0.36096354,-35.65517634
2.09,209,-0.08,-1.263,0.327,-4.4117766,10.7716104,-3.7815227999999994,89.79970734,0.39534102,-35.5520439
2.0999999999999996,210,-0.142,-1.39,0.342,-10.886202,1.4896908000000002,-4.297185,89.70230448,0.4297185000000001,-35.54058474
2.11,211,-0.177,-1.4369999999999998,0.231,-13.178034,-4.8128472,-7.906820400000001,89.56479456,0.5099326200000001,-35.58642138000001
2.1199999999999997,212,-0.197,-1.43,0.114,-11.3445684,-14.896907999999998,-12.318597,89.45020296,0.63598338,-35.73539046000001
2.13,213,-0.152,-1.372,0.011,-3.0366774,-19.0222056,-15.183387000000002,89.42155505999996,0.7906820400000001,-35.93019618
2.1399999999999997,214,-0.07,-1.258,0.003,11.917526400000002,-14.0947668,-14.9542038,89.54187624,0.93965112,-36.067706099999995
2.15,215,0.054000000000000006,-1.123,0.197,33.6899304,8.880849000000003,-14.495837400000001,89.90283978,1.0886202,-35.97030324
2.1599999999999997,216,0.044,-1.103,0.318,44.404245,37.757932200000006,-17.475219,90.3554766,1.25477802,-35.59215096
2.17,217,-0.075,-1.182,0.276,38.5027776,69.32791800000001,-19.1367972,90.75081762,1.4209358399999998,-34.89887178
2.1799999999999997,218,-0.183,-1.393,0.079,21.5432208,88.4074194,-15.183387000000002,90.98000082,1.5412570200000002,-34.02224604
2.19,219,-0.132,-1.75,-0.206,0.5156622000000001,81.53192340000003,-15.0687954,90.99718956,1.65011904,-33.21437526
2.1999999999999997,220,0.038,-1.892,-0.565,-20.7410796,88.35012359999996,-17.246035799999998,90.79665426,1.78189938,-32.33774952
2.21,221,0.312,-1.6909999999999998,-0.731,-26.5852512,92.819196,-15.5844576,90.54455274,1.90222056,-31.42101672
2.2199999999999998,222,0.425,-1.32,-0.763,-23.14750320000001,76.20341400000002,-6.875496000000001,90.3268287,1.94232762,-30.67044174
2.23,223,0.376,-0.982,-0.545,-11.9748222,53.9153478,4.7555514,90.2122371,1.87357266,-30.137590799999998
2.2399999999999998,224,0.417,-0.7559999999999999,-0.27,-8.021412000000002,34.60666320000001,9.1100322,90.13775256,1.7761698,-29.79954558
2.25,225,0.5529999999999999,-0.736,-0.194,-4.7555514,22.1161788,2.2345362,90.02316096,1.9194093000000003,-29.50160742
2.26,226,0.715,-0.921,-0.343,-1.2605076000000002,-8.4224826,-13.178034,90.00597222,2.05118964,-29.58755112
2.27,227,0.738,-1.054,-0.329,-5.2139178,-46.065823200000004,-24.5798982,89.94294684,2.30902074,-30.04018794000001
2.28,228,0.598,-1.07,-0.336,-17.589810600000003,-83.1362058,-31.111619399999995,89.73668196000001,2.6356068,-30.86524746
2.29,229,0.412,-0.934,-0.236,-33.0596766,-105.137793,-32.544014399999995,89.36425926,2.9793816000000004,-31.913760600000003
2.3,230,0.305,-0.7070000000000001,0.154,-49.9619376,-103.8199896,-37.81522800000001,88.82567874,3.3689930400000003,-32.945085
2.31,231,0.203,-0.341,0.285,-66.5777196,-96.4288314,-47.841993,88.09802207999998,3.8388186000000006,-33.9191136
2.32,232,-0.001,-0.036000000000000004,0.293,-62.6243094,-92.0170548,-48.987909,87.41047248,4.31437374,-34.85876472
2.3299999999999996,233,-0.236,0.075,0.359,-50.24841660000001,-82.8497268,-36.8411994,86.84324405999998,4.65241896,-35.70101298
2.34,234,-0.376,0.033,0.38,-26.814434400000003,-72.5937786,-23.9496444,86.51665799999998,4.8701430000000006,-36.4401288
2.3499999999999996,235,-0.398,-0.14300000000000002,0.358,-17.303331600000003,-68.75496,-16.157415599999997,86.31039312,4.97900502,-37.12194882
2.36,236,-0.306,-0.342,0.28,-20.1108258,-66.463128,-12.9488508,86.05829159999998,5.08213746,-37.79230968
2.3699999999999997,237,-0.066,-0.501,0.136,-28.0176462,-68.98414319999999,-12.5477802,85.72024638,5.17381074,-38.48558885999999
2.38,238,0.275,-0.589,0.07,-41.252976,-76.20341400000002,-12.3758928,85.23896166,5.25402486,-39.25908216000001
2.3899999999999997,239,0.5770000000000001,-0.599,0.161,-49.1597964,-95.6266902,-8.7662574,84.66600365999999,5.27694318,-40.21592202
2.4,240,0.691,-0.5670000000000001,0.105,-52.8840234,-121.0660254,2.4064236,84.04147944,5.19099948,-41.40767466000001
2.4099999999999997,241,0.752,-0.653,0.054000000000000006,-60.38977320000001,-123.0140826,16.042824000000003,83.3367411,4.9274388,-42.61088646
2.42,242,0.632,-0.779,-0.021,-56.149884,-121.2952086,23.8923486,82.68356897999998,4.57220484,-43.79117994
2.4299999999999997,243,0.272,-0.919,0.021,-44.34694920000001,-140.7757806,29.621928600000004,82.15071803999999,4.131027179999999,-45.14336082
2.44,244,0.006999999999999999,-1.175,-0.132,-44.5761324,-139.7444562,26.356068,81.62359668,3.71276784,-46.48981212
2.4499999999999997,245,-0.214,-1.539,-0.138,-45.263682,-145.41674039999995,19.3659804,81.10220489999998,3.33461556,-47.89355922
2.46,246,-0.392,-1.737,-0.275,-61.7648724,-155.0997306,11.1153852,80.40892572,3.01948866,-49.40616834
2.4699999999999998,247,-0.435,-1.399,-0.084,-68.6403684,-163.865988,6.130650599999999,79.65835074,2.71582092,-51.00472116
2.48,248,-0.397,-0.863,0.059,-67.895523,-157.79263319999995,1.6042823999999998,78.91923492,2.44653066,-52.55170776
2.4899999999999998,249,-0.35700000000000004,-0.362,-0.06,-55.6342218,-165.6994536,-3.5523396000000003,78.31189943999998,2.19442914,-54.17890848
2.5,250,-0.16399999999999998,-0.064,-0.079,-42.62807520000001,-144.7291908,-17.131444199999994,77.83061472,2.09702628,-55.62276264
2.51,251,0.14,-0.049,-0.21,-30.194886600000004,-101.986524,-26.2414764,77.49829908000002,2.16005166,-56.67127578
2.52,252,0.104,-0.201,-0.259,-24.350715,-66.3485364,-27.043617600000005,77.22900881999998,2.29756158,-57.37601412
2.53,253,-0.262,-0.684,-0.8009999999999999,-27.9603504,-32.085648000000006,-23.6631654,76.93680024,2.45798982,-57.74270724
2.54,254,-0.679,-1.561,-0.7490000000000001,-31.971056400000002,15.126091199999998,-23.5485738,76.61594376000002,2.71582092,-57.65103395999999
2.55,255,-1.127,-2.912,-0.326,-26.8717302,16.615782,-6.3598338,76.34665349999999,2.8074942000000003,-57.50779446
2.56,256,-1.161,-2.052,-0.348,-39.4195104,1.7761698,33.74722620000001,75.95131248,2.48090814,-57.4103916
2.57,257,-0.74,-1.216,-0.674,-15.6990492,-6.760904399999999,48.3576552,75.79661381999998,1.99962342,-57.36455496
2.5799999999999996,258,-0.202,-1.5719999999999998,-0.522,8.880849000000003,-10.4278356,50.1911208,75.88828709999999,1.49542038,-57.34163663999999
2.59,259,0.26,-1.605,-0.4270000000000001,2.7501984,-12.4904844,36.38283300000001,75.916935,1.1172681,-57.37601412
2.5999999999999996,260,0.552,-1.604,-0.512,0.8594370000000001,-9.568398599999998,15.985528200000001,75.92266457999997,0.9453806999999999,-57.42758034
2.61,261,0.609,-1.706,-0.556,-4.010706000000001,-1.145916,-7.2192707999999985,75.88255752,1.01413566,-57.45622824000001
2.6199999999999997,262,0.335,-1.802,-0.5489999999999999,-12.5477802,14.266654199999998,-26.41336380000001,75.75650676000002,1.30061466,-57.3817437
2.63,263,0.005,-1.75,-0.595,-19.1367972,30.5386614,-38.7319608,75.56170104,1.73606274,-57.18693798
2.6399999999999997,264,-0.289,-1.501,-0.531,-16.329303,35.122325399999994,-37.9298196,75.39554322000002,2.1772404,-56.94056604
2.65,265,-0.499,-1.247,-0.476,-8.3651868,34.262888399999994,-21.6005166,75.30959952,2.4350715000000003,-56.66554620000001
2.6599999999999997,266,-0.537,-1.104,-0.462,1.7761698,37.41415739999999,-5.3285094000000015,75.33824741999999,2.57258142,-56.3217714
2.67,267,-0.401,-1.026,-0.409,10.1413566,46.1804148,5.3858052,75.45856859999998,2.62414764,-55.86340500000001
2.6799999999999997,268,-0.198,-1.039,-0.394,13.178034,49.3316838,10.4851314,75.60753768,2.6356068,-55.35920196000001
2.69,269,-0.021,-1.078,-0.381,14.266654199999998,44.404245,13.8082878,75.76796592000002,2.6012293200000003,-54.89510598
2.6999999999999997,270,0.127,-1.048,-0.301,15.870936600000002,39.1330314,16.7876694,75.93985332,2.53820394,-54.47111706
2.71,271,0.243,-0.945,-0.263,17.475219,33.8618178,17.5325148,76.12892946000002,2.44080108,-54.09869436
2.7199999999999998,272,0.295,-0.787,-0.254,17.6471064,28.2468294,15.0687954,76.31800559999998,2.35485738,-53.78929704
2.73,273,0.272,-0.674,-0.262,20.5691922,23.032911600000002,9.568398599999998,76.53572964,2.3147503200000004,-53.54292510000001
2.7399999999999998,274,0.16699999999999998,-0.6559999999999999,-0.299,20.626488,16.501190400000002,4.5263682,76.7477241,2.30329116,-53.3710377
2.75,275,0.044,-0.698,-0.294,21.829699800000004,14.8396122,0.4583664000000001,76.95398897999998,2.32620948,-53.22206862
2.76,276,-0.061,-0.769,-0.27,23.6631654,16.4438946,-2.4637194,77.20036092000002,2.38350528,-53.06736996000001
2.77,277,-0.117,-0.785,-0.231,24.694489800000003,20.798375399999998,-4.5263682,77.45819202,2.46944898,-52.87256424
2.78,278,-0.101,-0.76,-0.21600000000000005,26.9863218,25.6685184,-4.3544808,77.73894143999998,2.56685184,-52.62619229999999
2.79,279,-0.04,-0.72,-0.201,27.9603504,24.694489800000003,-1.4896908000000002,78.03115002,2.62987722,-52.38554994
2.8,280,0.025,-0.6809999999999999,-0.211,30.1375908,19.938938399999998,4.1252976000000015,78.33481775999998,2.62987722,-52.17928506
2.81,281,0.09,-0.6459999999999999,-0.194,30.93973200000001,14.32395,11.172681,78.65567424,2.54393352,-52.01885682000001
2.82,282,0.127,-0.665,-0.175,32.31483119999999,6.6463128000000005,14.667724800000002,78.98798988,2.41788276,-51.92145396
2.8299999999999996,283,0.123,-0.6779999999999999,-0.153,31.913760600000003,1.8907613999999997,15.469866,79.31457594,2.2746432600000004,-51.86988774
2.84,284,0.083,-0.7070000000000001,-0.127,32.830493399999995,-0.572958,13.9228794,79.64689158,2.13713334,-51.84696941999999
2.8499999999999996,285,0.038,-0.7490000000000001,-0.127,33.3461556,-1.5469866,11.8602306,79.9849368,2.02254174,-51.84123984
2.86,286,0.008,-0.7909999999999999,-0.104,33.5753388,-1.2032118,9.9121734,80.32871159999998,1.93086846,-51.82978068
2.8699999999999997,287,-0.004,-0.8290000000000001,-0.108,32.945085,-0.057295800000000015,8.3651868,80.66102724,1.85065434,-51.81832152000001
2.88,288,-0.004,-0.865,-0.132,31.4553942,0.3437748,7.2765666,80.98188372,1.78189938,-51.7954032
2.8899999999999997,289,0.015,-0.877,-0.124,29.793816,2.291832,6.1879464,81.28555146,1.7246035799999997,-51.761025720000006
2.9,290,0.045,-0.911,-0.138,27.8457588,1.3750992,6.0733548,81.56057129999998,1.6787669399999998,-51.73237782
2.9099999999999997,291,0.057,-0.937,-0.197,22.4026578,-5.2139178,7.1046792000000005,81.7897545,1.6042824000000002,-51.77248488
2.92,292,0.053,-0.951,-0.231,18.7357266,-9.2819196,8.9381448,81.97883064,1.50687954,-51.85269900000001
2.9299999999999997,293,0.041,-0.968,-0.222,16.1001198,-11.516455800000001,10.1413566,82.13925888,1.39801752,-51.95010186
2.94,294,0.021,-0.991,-0.17,13.5791046,-16.4438946,10.7143146,82.2767688,1.27196676,-52.09334136
2.9499999999999997,295,0.0,-1.001,-0.075,9.224623800000002,-20.05353,10.5424272,82.38563081999997,1.1459160000000002,-52.27668792000001
2.96,296,-0.011,-0.978,-0.056,7.161975,-19.1367972,9.224623800000002,82.45438578,1.03705398,-52.4543049
2.9699999999999998,297,-0.012,-0.944,-0.087,7.6203414,-18.5065434,8.193299399999999,82.5345999,0.93392154,-52.62619229999999
2.98,298,-0.004,-0.935,-0.091,8.8235532,-18.1054728,8.193299399999999,82.62054359999998,0.83651868,-52.79235012
2.9899999999999998,299,-0.012,-0.948,-0.065,10.4851314,-17.131444199999994,8.250595200000001,82.72940562,0.7391158200000001,-52.95277836
3.0,300,-0.01,-0.962,-0.024,12.834259199999998,-14.266654199999998,7.7349330000000025,82.8783747,0.64744254,-53.07882912
3.01,301,-0.011,-0.982,-0.022,12.9488508,-12.605076,6.8182002000000015,83.01015504,0.56722842,-53.193420720000006
3.02,302,-0.028,-0.984,-0.039,11.0580894,-15.0687954,6.3025379999999975,83.12474663999998,0.49274388,-53.33666022
3.03,303,-0.035,-0.977,-0.039,10.1986524,-17.18874,6.2452422,83.22787908000002,0.41825934,-53.49708846
3.04,304,-0.063,-0.951,-0.015,12.0894138,-16.959556799999998,5.9014674000000005,83.35392984,0.3437748,-53.6575167
3.05,305,-0.095,-0.939,-0.018000000000000002,14.9542038,-14.610429000000002,4.5263682,83.52581724,0.26356068,-53.8007562
3.06,306,-0.114,-0.957,-0.02,16.2147114,-14.0947668,2.4637194,83.69197505999998,0.2291832000000001,-53.93253654
3.07,307,-0.134,-0.984,-0.036000000000000004,17.761698000000006,-10.313244,-2.2345362,83.86959204,0.24637194,-54.03566897999999
3.08,308,-0.17800000000000002,-1.003,-0.075,19.4232762,-0.8594370000000001,-8.880849000000003,84.07012734,0.33231564,-54.05285772
3.09,309,-0.21,-0.995,-0.103,23.376686399999997,11.6310474,-13.0061466,84.30504012,0.47555514,-53.94972528000001
3.0999999999999996,310,-0.222,-0.972,-0.064,27.903054600000004,23.0902074,-14.9542038,84.59151912,0.61306506,-53.73200124
3.11,311,-0.229,-0.933,0.005,28.991674800000002,31.4553942,-16.4438946,84.8837277,0.8021412000000001,-53.43406308
3.1199999999999997,312,-0.279,-0.8440000000000001,0.05,30.8824362,36.096354,-17.0741484,85.19885459999998,0.9912173399999998,-53.09028828
3.13,313,-0.338,-0.757,0.061,35.236917,39.3049188,-17.131444199999994,85.55981814,1.18602306,-52.712136
3.1399999999999997,314,-0.35700000000000004,-0.6970000000000001,0.045,38.8465524,46.2377106,-18.048177,85.95515916000002,1.39228794,-52.25949918
3.15,315,-0.309,-0.727,-0.014,40.90920120000001,62.96808420000001,-19.767051,86.37914808000002,1.59855282,-51.6521637
3.1599999999999997,316,-0.124,-0.898,-0.165,38.7892566,90.06899759999996,-18.7357266,86.78594826,1.81627686,-50.76407879999999
3.17,317,0.133,-1.229,-0.287,31.8564648,111.5549226,-12.9488508,87.12972306,1.97097552,-49.66399944
3.1799999999999997,318,0.315,-1.6030000000000002,-0.353,22.5172494,122.4411246,-0.9740286,87.38182458,2.01108258,-48.455058060000006
3.19,319,0.38,-1.761,-0.393,8.3651868,118.315827,13.9228794,87.49641618000004,1.8907613999999997,-47.27476458
3.1999999999999997,320,0.261,-1.474,-0.264,-0.4583664000000001,97.5747474,26.069589,87.50214575999998,1.6558486199999998,-46.30073598
3.21,321,0.095,-1.187,-0.026,8.078707799999998,83.7091638,32.257535399999995,87.59954862,1.3464512999999998,-45.45848772
3.2199999999999998,322,-0.059,-1.087,0.076,17.0168526,81.932994,28.4187168,87.77716559999998,1.07716104,-44.6334282
3.23,323,-0.14,-1.142,-0.015,19.7097552,80.2714158,18.6784308,87.9777009,0.89954406,-43.831287
3.2399999999999998,324,-0.171,-1.24,-0.106,22.9756158,76.37530140000001,7.161975,88.21261368,0.8307891,-43.06925286
3.25,325,-0.162,-1.276,-0.006999999999999999,23.777757,77.8649922,-2.9793816000000004,88.45898561999998,0.8594370000000001,-42.30148914
3.26,326,-0.115,-1.209,0.06,21.6578124,76.4325972,-8.193299399999999,88.68243924,0.93965112,-41.54518458
3.27,327,-0.009000000000000001,-1.117,0.035,17.18874,72.4218912,-9.167328,88.86005622,1.0255948199999998,-40.82898708000001
3.28,328,0.145,-1.029,0.069,13.2926256,69.6716928,-8.7089616,88.99756613999998,1.11153852,-40.14143748
3.29,329,0.258,-0.954,0.119,13.6364004,68.6976642,-8.59437,89.14080564,1.18602306,-39.45961746
3.3,330,0.334,-0.899,0.129,13.0061466,69.4998054,-10.313244,89.28977472,1.31207382,-38.76060870000001
3.31,331,0.374,-0.899,0.092,8.250595200000001,68.98414319999999,-11.745639,89.37571842,1.4209358399999998,-38.07878868
3.32,332,0.379,-0.913,0.019,2.2345362,65.08802879999999,-10.7716104,89.4100959,1.5183387000000002,-37.43707572
3.33,333,0.353,-0.911,-0.028,-2.578311,56.5509546,-7.5630456000000015,89.38717758,1.5813640800000002,-36.87557688
3.34,334,0.304,-0.903,-0.08,-6.3025379999999975,45.4928652,-4.4690724,89.32988178,1.6157415599999996,-36.42866964
3.3499999999999996,335,0.236,-0.885,-0.085,-6.4744254,35.3515086,-2.2345362,89.25539724,1.67303736,-36.07343568
3.36,336,0.16699999999999998,-0.8420000000000001,-0.07400000000000001,-8.307891,28.2468294,-1.7761698,89.17518312,1.6844965200000002,-35.79268626
3.3699999999999997,337,0.119,-0.7879999999999999,-0.032,-5.443101,23.032911600000002,-1.8334656000000005,89.11788732,1.70168526,-35.56350306
3.38,338,0.071,-0.75,0.027000000000000003,1.7188740000000002,17.0168526,-0.8021411999999999,89.14080564,1.7074148399999998,-35.39734524
3.3899999999999997,339,0.052000000000000005,-0.746,0.073,7.448453999999999,12.2040054,0.5156622000000001,89.22101975999998,1.70168526,-35.27702406
3.4,340,0.08800000000000001,-0.769,0.123,11.8602306,11.45916,0.8594370000000001,89.36998884,1.7074148399999998,-35.1509733
3.4099999999999997,341,0.159,-0.8220000000000001,0.162,15.756345000000001,13.5791046,0.2291832000000001,89.53041707999998,1.70168526,-35.01919296
3.42,342,0.219,-0.8640000000000001,0.182,18.2200644,14.8396122,0.057295800000000015,89.71949322,1.70168526,-34.870223880000005
3.4299999999999997,343,0.244,-0.8809999999999999,0.179,19.2513888,14.7250206,1.0886202,89.91429894,1.6902260999999998,-34.7212548
3.44,344,0.241,-0.8909999999999999,0.109,19.9962342,14.896907999999998,3.151269,90.12056382,1.6558486199999998,-34.57228572
3.4499999999999997,345,0.213,-0.892,0.099,21.3713334,15.126091199999998,7.1046792000000005,90.3554766,1.61001198,-34.41185748
3.46,346,0.162,-0.884,0.159,22.86102420000001,13.464512999999998,12.7769634,90.59038938,1.4782316400000002,-34.27434756
3.4699999999999998,347,0.12,-0.883,0.196,25.6685184,8.880849000000003,17.4179232,90.85395006,1.30634424,-34.18840386
3.48,348,0.113,-0.924,0.17800000000000002,27.6165756,2.0053530000000004,20.2827132,91.13469948,1.10580894,-34.17121512000001
3.4899999999999998,349,0.125,-0.999,0.131,26.0122932,-5.2712136,20.168121600000006,91.39826016,0.91100322,-34.22278134
3.5,350,0.13,-1.047,0.102,24.350715,-10.7143146,17.18874,91.65609126,0.76203414,-34.32591377999999
3.51,351,0.104,-1.047,0.134,26.1841806,-13.521808800000002,12.6623718,91.91965194,0.64744254,-34.4634237
3.52,352,0.06,-1.018,0.195,26.69984280000001,-11.4018642,8.136003599999999,92.19467178,0.5729580000000001,-34.5780153
3.53,353,0.013,-0.966,0.21600000000000005,25.55392680000001,-6.3598338,5.0993262,92.45250288,0.53285094,-34.6353111
3.54,354,-0.01,-0.912,0.251,25.6112226,0.0,4.6409598,92.71033398,0.4870143000000001,-34.6353111
3.55,355,-0.018000000000000002,-0.914,0.275,26.9863218,4.297185,5.6149884000000005,93.03119046,0.42398892,-34.58947446
3.56,356,-0.023,-0.942,0.239,27.1009134,10.313244,7.161975,93.30048072,0.3437748,-34.4920716
3.57,357,-0.003,-0.949,0.219,31.79916900000001,17.18874,9.9121734,93.62706678,0.23491278,-34.32591377999999
3.58,358,0.044,-0.959,0.21,38.10170700000001,17.246035799999998,13.178034,94.01094864,0.09167328,-34.15975596
3.59,359,0.151,-0.966,0.14300000000000002,42.7999626,10.026765,16.501190400000002,94.44639672,-0.07448454,-34.06808268
3.5999999999999996,360,0.242,-0.969,0.112,49.04520479999999,-5.72958,20.2254174,94.9391406,-0.24064236,-34.131108059999995
3.61,361,0.266,-1.007,0.033,46.696077,-33.002380800000005,22.91832,95.42042532,-0.42398892,-34.46915328
3.6199999999999997,362,0.237,-1.097,-0.044,35.46610020000001,-56.66554620000001,20.1108258,95.7985776,-0.55003968,-35.04211128
3.63,363,0.122,-1.246,-0.07400000000000001,23.9496444,-61.592985,10.5424272,96.0564087,-0.5729580000000001,-35.64944676000001
3.6399999999999997,364,-0.098,-1.364,-0.117,7.2765666,-58.38442020000001,-1.6042823999999998,96.14235240000001,-0.48128472,-36.22240476
3.65,365,-0.307,-1.491,-0.195,-6.5317212,-49.274388,-15.183387000000002,96.07932702,-0.26929026,-36.69223032
3.6599999999999997,366,-0.454,-1.579,-0.284,-15.469866,-39.820581,-25.4393352,95.92462836,0.02291832,-37.05319386
3.67,367,-0.493,-1.509,-0.34700000000000003,-18.8503182,-30.366774000000003,-29.621928600000004,95.73555222,0.35523396,-37.32248412
3.6799999999999997,368,-0.35100000000000003,-1.2819999999999998,-0.376,-8.7662574,-16.386598799999998,-27.7311672,95.64960852,0.64744254,-37.45999404000001
3.69,369,-0.12,-1.14,-0.297,8.3651868,-4.6982556,-18.9649098,95.72982263999998,0.8422482600000001,-37.48291236
3.6999999999999997,370,0.091,-1.119,-0.189,14.5531332,-1.145916,-7.448453999999999,95.81576634,0.95111028,-37.47718278000001
3.71,371,0.214,-1.249,-0.116,14.8396122,-2.291832,1.6042823999999998,95.970465,0.93392154,-37.5001011
3.7199999999999998,372,0.292,-1.423,-0.076,8.880849000000003,-2.6929026,5.2712136,96.0564087,0.8880849000000001,-37.53447858
3.73,373,0.303,-1.505,-0.079,2.578311,-5.6149884000000005,4.6409598,96.0850566,0.8479778399999999,-37.59177438
3.7399999999999998,374,0.236,-1.4409999999999998,-0.08,-0.5156622000000001,-12.0894138,1.7188740000000002,96.07932702,0.8479778399999999,-37.71209556
3.75,375,0.141,-1.3130000000000002,-0.061,1.4896908000000002,-19.1367972,0.2291832000000001,96.07359744,0.8823553199999999,-37.901171700000006
3.76,376,0.064,-1.175,-0.012,5.2139178,-22.5745452,2.1199446,96.12516366,0.8880849000000001,-38.11889574
3.77,377,0.013,-1.071,0.003,5.9014674000000005,-21.485925,5.2712136,96.18245946,0.86516658,-38.33661978
3.78,378,-0.05,-0.988,0.025,5.6149884000000005,-17.8762896,8.3651868,96.23975526,0.8078707799999998,-38.51996634
3.79,379,-0.105,-0.931,0.036000000000000004,5.3858052,-13.0634424,11.9748222,96.29705106,0.7104679199999999,-38.66320584
3.8,380,-0.139,-0.887,0.041,5.2712136,-6.990087599999999,16.1001198,96.33142854,0.52139178,-38.75487912000001
3.81,381,-0.13699999999999998,-0.8420000000000001,0.028,4.6409598,-1.3750992,20.168121600000006,96.37726518,0.32085648,-38.7892566
3.82,382,-0.11,-0.782,0.022,3.2085648,2.3491278,23.3193906,96.41164266,0.09167328,-38.79498618
3.83,383,-0.087,-0.72,0.024,2.0053530000000004,4.3544808,24.923673,96.4288314,-0.15469866,-38.77779744
3.84,384,-0.071,-0.6779999999999999,0.052000000000000005,1.0313244,5.958763200000001,25.496631,96.44029056,-0.41825934,-38.74914954000001
3.8499999999999996,385,-0.057,-0.6729999999999999,0.078,1.0886202,8.4224826,25.496631,96.45174972,-0.6875496,-38.69758331999999
3.86,386,-0.052000000000000005,-0.7170000000000001,0.099,0.4010706,10.026765,24.7517856,96.45174972,-0.9453806999999999,-38.62309878
3.8699999999999997,387,-0.062,-0.7809999999999999,0.104,-1.7188740000000002,10.7716104,22.8037284,96.43456098,-1.18602306,-38.54861424
3.88,388,-0.095,-0.848,0.096,-4.6409598,11.0580894,19.6524594,96.38299476,-1.39228794,-38.46267054
3.8899999999999997,389,-0.149,-0.8959999999999999,0.075,-7.333862400000001,11.172681,14.9542038,96.30278064,-1.55844576,-38.37099726
3.9,390,-0.18600000000000005,-0.936,0.066,-8.59437,12.261301199999998,10.026765,96.19964819999998,-1.7188740000000002,-38.26786482
3.9099999999999997,391,-0.18,-0.941,0.083,-10.1986524,15.3552744,6.2452422,96.0850566,-1.79908812,-38.12462532
3.92,392,-0.133,-0.905,0.096,-9.9121734,18.5065434,3.7815227999999994,95.97619458,-1.8621135,-37.94700834
3.9299999999999997,393,-0.08,-0.868,0.119,-6.8182002000000015,20.454600600000006,3.8961144,95.90171004,-1.93086846,-37.75220262000001
3.94,394,-0.037000000000000005,-0.847,0.142,-3.8388186,22.8037284,5.9014674000000005,95.85014382,-2.01681216,-37.53447858
3.9499999999999997,395,-0.005,-0.847,0.156,-1.432395,24.694489800000003,7.9641161999999985,95.83868466,-2.1199446,-37.299565799999996
3.96,396,0.009000000000000001,-0.857,0.192,1.3178034,26.814434400000003,9.568398599999998,95.83868466,-2.25172494,-37.04746428
3.9699999999999998,397,0.003,-0.857,0.242,5.042030400000002,27.788463,10.0840608,95.87306214,-2.38350528,-36.7839036
3.98,398,-0.014,-0.863,0.27,8.5370742,26.9863218,8.7089616,95.94754668,-2.50382646,-36.5260725
3.9899999999999998,399,-0.036000000000000004,-0.888,0.25,9.9121734,25.210152,6.016058999999999,96.03349038,-2.59549974,-36.28543014
4.0,400,-0.07,-0.925,0.151,9.969469199999999,20.511896399999998,2.6356068,96.11943408,-2.6642547000000003,-36.08489484
4.01,401,-0.105,-0.955,0.104,10.1413566,12.4331886,-0.4010706,96.21683694,-2.67571386,-35.96457366
4.02,402,-0.132,-0.955,0.158,9.6829902,9.6256944,-2.578311,96.30851022,-2.65852512,-35.86144122
4.03,403,-0.124,-0.919,0.199,11.8029348,12.7196676,-3.4377480000000005,96.41737224,-2.6413363800000003,-35.73539046000001
4.04,404,-0.106,-0.884,0.199,13.750992000000002,15.813640800000002,-3.4377480000000005,96.54915258,-2.62987722,-35.57496222
4.05,405,-0.098,-0.871,0.162,13.349921400000001,17.246035799999998,-3.3231564,96.68093292,-2.62987722,-35.39734524
4.06,406,-0.096,-0.913,0.142,12.605076,18.7357266,-3.0366774,96.8012541,-2.62987722,-35.20826909999999
4.07,407,-0.086,-0.98,0.168,12.1467096,22.1161788,-2.2345362,96.91011612,-2.6356068,-34.99054506
4.08,408,-0.062,-1.039,0.207,13.9228794,24.2934192,-0.8594370000000001,97.03616688,-2.6642547000000003,-34.7499027
4.09,409,-0.043,-1.054,0.223,14.266654199999998,22.7464326,-0.4583664000000001,97.16794722,-2.6929026,-34.52644908
4.1,410,-0.048,-1.041,0.222,12.4331886,19.3659804,-1.8334656000000005,97.29972756,-2.69863218,-34.33164336
4.109999999999999,411,-0.068,-1.039,0.2,11.688343199999998,15.6990492,-4.1252976000000015,97.40858958,-2.68144344,-34.17121512000001
4.12,412,-0.08800000000000001,-1.062,0.172,11.45916,11.745639,-5.6149884000000005,97.5174516,-2.64706596,-34.04516436
4.13,413,-0.114,-1.094,0.155,11.0007936,6.875496000000001,-5.6722842,97.62058404,-2.6012293200000003,-33.97067982
4.14,414,-0.14300000000000002,-1.104,0.158,11.4018642,3.0939732,-4.8128472,97.73517564,-2.55539268,-33.93057276
4.1499999999999995,415,-0.165,-1.074,0.175,12.032117999999999,1.0313244,-4.1825934,97.86695598,-2.5611222600000003,-33.9191136
4.16,416,-0.17600000000000002,-1.01,0.217,14.266654199999998,-0.572958,-4.0680017999999984,98.01019548,-2.5210152000000003,-33.9191136
4.17,417,-0.177,-0.952,0.235,19.767051,-4.3544808,-4.1825934,98.21073078,-2.46944898,-33.953491080000006
4.18,418,-0.152,-0.919,0.261,28.4187168,-4.2398892,-4.583664,98.50293936,-2.41788276,-33.98786856
4.1899999999999995,419,-0.07200000000000001,-0.953,0.278,32.8877892,4.6982556,-4.5263682,98.835255,-2.3777757,-33.93057276
4.2,420,0.032,-1.053,0.222,39.6486936,7.7349330000000025,-2.0053530000000004,99.23059602,-2.35485738,-33.838899479999995
4.21,421,0.099,-1.229,0.156,46.982556,-3.724227,4.6409598,99.71188074,-2.38923486,-33.87900654
4.22,422,0.136,-1.378,0.08900000000000001,38.7892566,-21.6578124,12.318597,100.11868092,-2.4637194,-34.10818974
4.2299999999999995,423,0.17,-1.3869999999999998,0.009000000000000001,24.9809688,-30.5959572,18.7357266,100.38797118,-2.58404058,-34.4347758
4.24,424,0.199,-1.3019999999999998,-0.109,11.917526400000002,-28.304125199999998,22.5172494,100.53121068,-2.74446882,-34.7499027
4.25,425,0.213,-1.213,-0.163,3.4950437999999995,-24.8663772,22.0015872,100.53694026,-2.87624916,-35.01919296
4.26,426,0.205,-1.161,-0.17600000000000002,4.4117766,-26.1268848,17.3606274,100.59996564,-2.99084076,-35.29994238
4.27,427,0.146,-1.117,-0.159,2.6929026,-26.8717302,13.407217200000002,100.65153186,-3.0653253000000005,-35.58642138000001
4.28,428,0.021,-1.017,-0.094,0.0,-27.7311672,12.4331886,100.6687206,-3.12835068,-35.87862996
4.29,429,-0.158,-0.948,-0.033,-2.1199446,-27.8457588,13.6364004,100.6687206,-3.20283522,-36.17083854
4.3,430,-0.29600000000000004,-0.942,-0.001,-4.7555514,-22.5172494,14.0947668,100.58850648,-3.35753388,-36.42294006
4.31,431,-0.349,-1.019,0.014,-3.7815227999999994,-16.7876694,14.381245800000002,100.56558816,-3.4663959,-36.6120162
4.32,432,-0.295,-1.188,0.028,-1.2605076000000002,-14.0947668,14.667724800000002,100.56558816,-3.5809875,-36.77817402
4.33,433,-0.154,-1.325,0.053,-0.8594370000000001,-14.037471,14.495837400000001,100.57131774,-3.68984952,-36.93860226
4.34,434,0.028,-1.354,0.104,-2.3491278,-16.615782,12.4904844,100.55985858,-3.7815227999999994,-37.12194882
4.35,435,0.17600000000000002,-1.27,0.13699999999999998,-4.4690724,-23.491278,8.250595200000001,100.51975152,-3.7815227999999994,-37.3568616
4.36,436,0.267,-1.15,0.132,-6.589017,-34.3201842,3.6669312000000014,100.47964446,-3.74714532,-37.7006364
4.37,437,0.313,-1.051,0.136,-8.021412000000002,-45.3209778,-0.1718874,100.43380782,-3.64974246,-38.13608448
4.38,438,0.318,-0.99,0.141,-8.651665800000002,-54.08723520000001,-3.2658606,100.38797118,-3.50650296,-38.65747626
4.39,439,0.263,-0.955,0.13699999999999998,-10.886202,-59.64492779999999,-5.72958,100.31921622,-3.32888598,-39.22470468
4.3999999999999995,440,0.166,-0.92,0.125,-14.2093584,-61.36380179999999,-6.990087599999999,100.20462462,-3.11689152,-39.80912184
4.41,441,0.08900000000000001,-0.884,0.124,-16.558486199999994,-61.24921020000001,-7.0473834,100.07857386,-2.92781538,-40.38780942
4.42,442,0.036000000000000004,-0.855,0.118,-16.1001198,-61.7648724,-5.9014674000000005,99.9525231,-2.74446882,-40.97795616000001
4.43,443,0.026,-0.85,0.112,-14.9542038,-64.457775,-3.7815227999999994,99.8379315,-2.58404058,-41.60248038
4.4399999999999995,444,0.024,-0.858,0.105,-15.0114996,-69.900876,-1.0886202,99.72333990000001,-2.4350715000000003,-42.27857082
4.45,445,0.04,-0.8859999999999999,0.106,-15.813640800000002,-76.48989300000002,1.7761698,99.59728914,-2.29756158,-43.02341622
4.46,446,0.059,-0.913,0.12,-16.7303736,-82.4486562,4.1252976000000015,99.47123838,-2.18296998,-43.83701658
4.47,447,0.081,-0.927,0.141,-17.589810600000003,-87.31879920000002,5.6722842,99.33372846,-2.07410796,-44.69645358
4.4799999999999995,448,0.11,-0.939,0.145,-19.4232762,-91.55868840000001,6.0733548,99.18475938,-1.96524594,-45.59599764
4.49,449,0.123,-0.951,0.133,-20.9702628,-97.6320432,5.6149884000000005,99.01287198,-1.84492476,-46.55856708
4.5,450,0.125,-0.96,0.122,-22.459953600000002,-102.1011156,5.5003968,98.82952542,-1.70168526,-47.555514
4.51,451,0.117,-0.972,0.123,-23.4339822,-105.3096804,6.990087599999999,98.6347197,-1.5870936600000003,-48.59829756
4.52,452,0.109,-0.967,0.131,-24.2361234,-107.5442166,9.8548776,98.42845481999998,-1.50114996,-49.66399944
4.53,453,0.097,-0.962,0.151,-23.8923486,-110.40900659999998,12.7769634,98.22791952,-1.43812458,-50.75834922
4.54,454,0.079,-0.942,0.179,-24.7517856,-113.3883882,15.6417534,98.02165464,-1.4037471,-51.88707648
4.55,455,0.064,-0.925,0.175,-25.3820394,-116.023995,17.9335854,97.80966018,-1.38655836,-53.05018122
4.56,456,0.066,-0.936,0.104,-24.694489800000003,-118.029348,18.621135,97.6033953,-1.38655836,-54.2304747
4.57,457,0.08900000000000001,-0.953,0.075,-21.6578124,-119.17526399999998,18.8503182,97.42577832,-1.38655836,-55.42222733999999
4.58,458,0.113,-0.957,0.056,-19.8816426,-121.86816659999998,19.595163600000006,97.27107966,-1.39228794,-56.6368983
4.59,459,0.132,-0.948,0.08900000000000001,-17.7044022,-127.65504240000001,21.3713334,97.13929932,-1.40947668,-57.91459464
4.6,460,0.142,-0.944,0.118,-17.246035799999998,-136.4785956,24.2361234,97.01897814,-1.43812458,-59.27823468
4.61,461,0.149,-0.946,0.114,-18.8503182,-146.7918396,27.444688199999998,96.88146822,-1.49542038,-60.75073674
4.62,462,0.149,-0.968,0.136,-19.8243468,-156.58942140000005,30.194886600000004,96.7439583,-1.56990492,-62.32064166
4.63,463,0.145,-1.012,0.155,-21.5432208,-165.06919979999995,30.93973200000001,96.59498922000002,-1.6386598799999998,-63.97649028000001
4.64,464,0.126,-1.029,0.145,-22.4026578,-172.0019916,30.1375908,96.44029056,-1.6959556799999995,-65.70109386
4.6499999999999995,465,0.07400000000000001,-1.016,0.14300000000000002,-21.199446,-179.7942204,28.2468294,96.30851022,-1.73033316,-67.49445240000001
4.66,466,0.046,-0.995,0.159,-16.959556799999998,-181.627686,24.4080108,96.21110736,-1.7246035799999997,-69.30499968000001
4.67,467,0.049,-1.002,0.17800000000000002,-14.381245800000002,-183.633039,20.626488,96.14808198,-1.6844965200000002,-71.12700612
4.68,468,0.046,-1.016,0.125,-15.469866,-190.222056,17.475219,96.06786786,-1.61001198,-73.01203794
4.6899999999999995,469,-0.008,-1.021,0.124,-21.485925,-201.5093286,14.037471,95.93035794,-1.48396122,-75.00593178
4.7,470,-0.084,-1.017,0.195,-24.1788276,-201.7385118,8.479778399999999,95.76420011999998,-1.3178034,-76.99409604
4.71,471,-0.166,-1.079,0.198,-23.6631654,-197.8423974,4.1825934,95.59231272,-1.11153852,-78.94215324000002
4.72,472,-0.215,-1.14,0.107,-26.814434400000003,-197.097552,2.2345362,95.38031826,-0.89381448,-80.88448086000002
4.7299999999999995,473,-0.231,-1.195,0.04,-32.544014399999995,-196.811073,0.6875496,95.10529842,-0.6703608600000001,-82.82107890000002
4.74,474,-0.267,-1.253,-0.001,-38.4454818,-199.675863,-0.286479,94.76152362,-0.44690724,-84.78632483999998
4.75,475,-0.368,-1.3130000000000002,-0.024,-47.1544434,-207.8691624,-1.2032118,94.32034596,-0.2291832000000001,-86.83178489999996
4.76,476,-0.434,-1.34,-0.034,-50.0192334,-205.2335556,-2.0626488000000003,93.84479082,-0.01145916,-88.85432664
4.77,477,-0.446,-1.321,-0.122,-47.1544434,-197.8423974,-2.5210152000000003,93.38642442,0.18334656,-90.80811342
4.78,478,-0.455,-1.226,-0.14800000000000002,-41.825934,-195.665157,-1.6615782,92.97962424,0.36096354,-92.73898188
4.79,479,-0.418,-1.146,-0.107,-34.8358464,-186.6697164,-0.5156622000000001,92.63584944,0.5042030399999999,-94.58390664
4.8,480,-0.32,-1.052,-0.048,-30.7678446,-167.8193982,-1.432395,92.32645212,0.61879464,-96.23975526
4.81,481,-0.16,-0.968,0.002,-23.777757,-140.4320058,-5.1566220000000005,92.08580976,0.76203414,-97.62631362
4.82,482,-0.008,-0.893,0.077,-13.464512999999998,-125.70698519999999,-5.3858052,91.94829984,0.89381448,-98.8639029
4.83,483,0.07200000000000001,-0.865,0.153,-3.3231564,-124.10270279999999,-0.11459160000000004,91.90819278,0.96829902,-100.09003302
4.84,484,0.086,-0.867,0.197,2.9220857999999996,-135.16079219999997,10.255948199999999,91.93684068,0.95111028,-101.43075474
4.85,485,0.047,-0.8959999999999999,0.233,3.7815227999999994,-154.2402936,21.8869956,91.98267732,0.8250595199999999,-102.9605526
4.86,486,-0.019,-0.931,0.237,-1.7188740000000002,-174.63759840000003,29.67922440000001,91.96548857999998,0.64171296,-104.69661534
4.87,487,-0.095,-0.956,0.204,-10.313244,-194.0035788,31.51269000000001,91.86808572,0.44117766,-106.62175422
4.88,488,-0.174,-0.962,0.184,-17.246035799999998,-208.843191,28.1322378,91.70765748,0.28647900000000004,-108.69586218
4.89,489,-0.231,-0.937,0.161,-25.3247436,-221.3909712,21.6578124,91.4727447,0.18907614,-110.89029132
4.8999999999999995,490,-0.277,-0.888,0.15,-29.507337,-225.9746352,15.5844576,91.20345444,0.13178034,-113.12482752
4.91,491,-0.304,-0.8420000000000001,0.147,-30.366774000000003,-224.7141276,11.229976800000001,90.91697544,0.12032118,-115.35363413999998
4.92,492,-0.325,-0.826,0.125,-29.0489706,-218.9845476,8.8235532,90.64768518,0.12032118,-117.51941537999998
4.93,493,-0.339,-0.8270000000000001,0.093,-26.298772200000002,-210.848544,8.8235532,90.40704282,0.10886202,-119.6049825
4.9399999999999995,494,-0.336,-0.835,0.068,-24.064235999999998,-201.4520328,10.4278356,90.1835892,0.06875496,-121.59887634
4.95,495,-0.314,-0.841,0.045,-21.5432208,-193.4879166,12.7196676,89.98878348,-0.01145916,-123.51255606
4.96,496,-0.274,-0.85,0.039,-18.5065434,-188.6177736,15.0114996,89.82835524000002,-0.11459160000000004,-125.38039913999998
4.97,497,-0.247,-0.866,0.077,-15.126091199999998,-184.8362508,17.131444199999994,89.70803406,-0.24064236,-127.20813516
4.9799999999999995,498,-0.234,-0.893,0.125,-13.5791046,-183.0027852,18.5638392,89.60490161999998,-0.38961144,-129.01868244
4.99,499,-0.213,-0.923,0.161,-12.4331886,-182.2579398,19.4232762,89.51895792,-0.5443101,-130.82350014
5.0,500,-0.201,-0.948,0.195,-12.0894138,-182.1433482,18.907614000000002,89.45020296,-0.7104679199999999,-132.62258826
5.01,501,-0.18600000000000005,-0.966,0.239,-11.6310474,-181.1693196,16.902261,89.38144799999998,-0.8479778399999999,-134.4159468
5.02,502,-0.166,-0.98,0.254,-11.229976800000001,-180.0234036,13.464512999999998,89.31842262,-0.95683986,-136.19211660000002
5.03,503,-0.155,-0.982,0.254,-10.6570188,-179.96610780000003,8.7662574,89.2668564,-1.01413566,-137.97401598
5.04,504,-0.142,-0.987,0.257,-8.7089616,-180.5390658,3.4950437999999995,89.23247891999998,-1.0255948199999998,-139.75591536
5.05,505,-0.13699999999999998,-0.984,0.266,-6.4744254,-183.5184474,-0.6302538000000001,89.2382085,-0.9969469199999998,-141.57219221999995
5.06,506,-0.13699999999999998,-0.978,0.258,-6.0733548,-188.8469568,-2.0053530000000004,89.23247891999998,-0.95111028,-143.4400353
5.07,507,-0.149,-0.991,0.229,-8.9381448,-194.63383259999998,-1.6042823999999998,89.19810143999999,-0.91100322,-145.37090376
5.08,508,-0.19,-1.019,0.194,-12.891555,-200.7071874,-0.5156622000000001,89.12361690000002,-0.87662574,-147.35333844
5.09,509,-0.243,-1.051,0.2,-15.3552744,-201.967695,0.8594370000000001,89.02621404,-0.86516658,-149.35296186
5.1,510,-0.276,-1.054,0.197,-17.4179232,-198.4153554,2.578311,88.91162244,-0.8880849000000001,-151.31247822
5.11,511,-0.29,-1.022,0.19,-16.8449652,-193.086846,4.297185,88.79703083999998,-0.9167328000000001,-153.22615793999995
5.12,512,-0.28300000000000003,-0.982,0.191,-14.7250206,-187.8156324,5.6722842,88.70535756,-0.96256944,-155.08254186
5.13,513,-0.251,-0.963,0.201,-12.0894138,-182.773602,6.1879464,88.63660259999996,-1.01413566,-156.88735956
5.14,514,-0.225,-0.98,0.18600000000000005,-10.599723,-183.633039,5.443101,88.58503637999998,-1.06570188,-158.70363642
5.1499999999999995,515,-0.217,-1.006,0.14300000000000002,-10.4851314,-189.3053232,3.8961144,88.54492932000002,-1.11153852,-160.57720908
5.16,516,-0.225,-1.023,0.122,-13.349921400000001,-196.00893180000003,2.0053530000000004,88.47617436,-1.12872726,-162.51380712
5.17,517,-0.246,-1.001,0.134,-16.329303,-197.1548478,0.057295800000000015,88.37304191999998,-1.12872726,-164.4675939
5.18,518,-0.271,-0.965,0.149,-16.042824000000003,-192.4565922,-1.2605076000000002,88.27563906,-1.1172681,-166.36981446
5.1899999999999995,519,-0.295,-0.93,0.14800000000000002,-14.0947668,-183.633039,-2.1772404,88.18969536,-1.10580894,-168.19182089999995
5.2,520,-0.313,-0.905,0.16899999999999998,-11.516455800000001,-173.6635698,-2.8074942000000003,88.14385872,-1.10007936,-169.90496532
5.21,521,-0.306,-0.905,0.18600000000000005,-5.9014674000000005,-156.8759004,-3.0939732,88.13239956,-1.07716104,-171.4576815
5.22,522,-0.293,-0.932,0.196,-3.6669312000000014,-147.02102280000003,-3.0366774,88.14385872,-1.05424272,-172.91299482
5.2299999999999995,523,-0.264,-0.985,0.175,-3.0939732,-140.7757806,-3.3231564,88.15531788,-1.0313244,-174.31101234
5.24,524,-0.242,-1.035,0.159,-3.6669312000000014,-138.369357,-4.0680017999999984,88.16104745999998,-0.9969469199999998,-175.68038196
5.25,525,-0.229,-1.052,0.17600000000000002,-5.3285094000000015,-136.70777880000003,-5.6722842,88.15531788,-0.95683986,-177.03256284
5.26,526,-0.233,-1.044,0.17,-5.6149884000000005,-133.61380559999998,-8.479778399999999,88.13812913999998,-0.87662574,-178.35609582
5.27,527,-0.239,-1.025,0.131,-5.7868758000000025,-126.3945348,-11.8602306,88.11521081999999,-0.76776372,-179.61087384
5.28,528,-0.245,-1.002,0.1,-6.016058999999999,-115.7948118,-15.2979786,88.08083334,-0.62452422,179.23272156000004
5.29,529,-0.252,-0.98,0.106,-4.4117766,-100.6687206,-16.7876694,88.0636446,-0.46409598,178.23577464
5.3,530,-0.246,-0.968,0.116,-2.9220857999999996,-91.1576178,-16.7876694,88.0636446,-0.32085648,177.330501
5.31,531,-0.236,-0.969,0.118,-1.6615782,-85.7145168,-16.7303736,88.05791502,-0.16042824,176.47679358
5.32,532,-0.221,-0.962,0.119,-0.6302538000000001,-81.4173318,-17.18874,88.0636446,0.0,175.66892280000005
5.33,533,-0.182,-0.951,0.08,1.6042823999999998,-74.9429064,-17.0741484,88.08656292,0.16615782,174.91834782
5.34,534,-0.14,-0.963,0.08900000000000001,4.583664,-68.2392978,-15.6417534,88.14385872,0.31512690000000004,174.24225738
5.35,535,-0.105,-0.98,0.099,5.6722842,-61.07732280000001,-12.834259199999998,88.21834326000004,0.4297185000000001,173.6349219
5.36,536,-0.061,-0.997,0.106,5.3858052,-56.8374336,-10.0840608,88.27563906,0.52712136,173.07342306
5.37,537,-0.042,-1.014,0.127,3.4950437999999995,-56.436363,-8.479778399999999,88.31001654,0.61306506,172.51192422000003
5.38,538,-0.07200000000000001,-1.033,0.11,2.1199446,-53.571573,-7.8495246,88.33293486,0.6875496,171.97907328
5.39,539,-0.105,-1.044,0.069,0.2291832000000001,-47.3263308,-6.9327918,88.33866443999996,0.75630456,171.50924772000005
5.3999999999999995,540,-0.117,-1.035,0.036000000000000004,-0.5156622000000001,-38.67466500000001,-6.4744254,88.33866443999996,0.7906820400000001,171.13109544
5.41,541,-0.108,-1.03,0.002,-1.432395,-32.085648000000006,-6.3598338,88.32720528,0.8537074199999999,170.81023896000005
5.42,542,-0.085,-1.055,-0.004,-2.2345362,-31.3980984,-5.5003968,88.29855738,0.91100322,170.50084164
5.43,543,-0.038,-1.108,0.009000000000000001,-2.9793816000000004,-33.9191136,-4.583664,88.26990948,0.95683986,170.16279642
5.4399999999999995,544,0.038,-1.172,0.023,-2.4064236,-36.4401288,-4.583664,88.24126158,1.0026765,169.80183288
5.45,545,0.087,-1.198,0.046,-2.0053530000000004,-40.4508348,-7.0473834,88.22980242,1.07716104,169.39503269999997
5.46,546,0.106,-1.173,0.06,-1.432395,-41.825934,-10.6570188,88.21261368,1.18602306,168.97677336
5.47,547,0.12,-1.129,0.061,-0.4583664000000001,-40.8519054,-14.037471,88.20115452,1.32353298,168.56997317999995
5.4799999999999995,548,0.123,-1.095,0.063,0.3437748,-38.5027776,-16.2147114,88.20115452,1.48396122,168.18609132
5.49,549,0.121,-1.078,0.066,0.5156622000000001,-36.7266078,-17.246035799999998,88.20115452,1.65011904,167.8193982
5.5,550,0.1,-1.071,0.066,-0.6302538000000001,-35.236917,-17.761698000000006,88.20115452,1.83919518,167.45843466000005
5.51,551,0.083,-1.061,0.07400000000000001,-2.5210152000000003,-31.79916900000001,-18.7930224,88.17250662000002,2.02254174,167.13757818
5.52,552,0.084,-1.032,0.08800000000000001,-2.7501984,-27.903054600000004,-20.2254174,88.13812913999998,2.22307704,166.85682876
5.53,553,0.092,-1.0,0.103,-0.9740286,-24.5226024,-21.199446,88.12094040000002,2.42934192,166.61045682000002
5.54,554,0.111,-0.984,0.107,-2.0626488000000003,-22.6891368,-21.3140376,88.0922925,2.6413363800000003,166.37554404
5.55,555,0.132,-0.984,0.108,-4.2398892,-22.345362,-20.3973048,88.0636446,2.86479,166.14636084
5.56,556,0.139,-0.991,0.098,-7.333862400000001,-23.2620948,-18.907614000000002,87.9777009,3.04813656,165.91144806
5.57,557,0.139,-0.986,0.083,-9.797581800000001,-24.064235999999998,-17.3606274,87.86883888,3.22002396,165.66507612
5.58,558,0.141,-0.972,0.06,-9.969469199999999,-24.350715,-15.985528200000001,87.75424728,3.37472262,165.4129746
5.59,559,0.142,-0.964,0.06,-8.59437,-25.6112226,-14.610429000000002,87.65684442,3.51796212,165.15514349999995
5.6,560,0.142,-0.96,0.055,-8.5370742,-27.6738714,-13.0061466,87.57090072000004,3.66120162,164.87439408
5.61,561,0.139,-0.967,0.047,-8.9381448,-30.5386614,-11.745639,87.46203870000002,3.77006364,164.56499676
5.62,562,0.132,-0.971,0.045,-10.0840608,-31.8564648,-11.1153852,87.34171752,3.87892566,164.24414028
5.63,563,0.121,-0.976,0.024,-9.8548776,-31.4553942,-10.4851314,87.22712592,3.97632852,163.92328379999995
5.64,564,0.105,-0.985,0.002,-8.59437,-29.5646328,-9.969469199999999,87.1182639,4.0680017999999984,163.62534564
5.6499999999999995,565,0.087,-0.993,0.006,-7.7922288,-27.2728008,-9.3392154,87.03232019999999,4.1539455,163.3503258
5.66,566,0.068,-0.992,0.014,-7.6203414,-25.8977016,-8.651665800000002,86.94064691999998,4.23415962,163.08676512
5.67,567,0.051,-0.986,0.03,-6.875496000000001,-24.064235999999998,-8.078707799999998,86.85470322,4.30864416,162.84612276
5.68,568,0.051,-0.98,0.051,-6.1879464,-21.6578124,-8.078707799999998,86.78021868,4.3831287,162.62266914
5.6899999999999995,569,0.069,-0.976,0.055,-4.4117766,-18.048177,-8.078707799999998,86.72292288,4.45761324,162.43932258
5.7,570,0.098,-0.977,0.065,-2.578311,-15.3552744,-7.9641161999999985,86.72865246,4.549286520000001,162.27889434000005
5.71,571,0.13,-0.985,0.073,-2.1772404,-15.6417534,-6.990087599999999,86.69427498,4.612311900000001,162.12419568
5.72,572,0.16399999999999998,-0.987,0.062,-2.1199446,-17.9335854,-5.443101,86.6598975,4.65814854,161.94084912
5.7299999999999995,573,0.196,-0.985,0.06,-1.3178034,-21.199446,-3.6669312000000014,86.63124959999998,4.69252602,161.72885466
5.74,574,0.218,-0.977,0.06,-0.2291832000000001,-25.496631,-2.0053530000000004,86.61406086000002,4.703985179999999,161.47102356
5.75,575,0.226,-0.961,0.075,0.8594370000000001,-30.5959572,-0.4010706,86.63697918,4.74409224,161.16162624
5.76,576,0.228,-0.933,0.068,1.7188740000000002,-34.8931422,0.3437748,86.63124959999998,4.73263308,160.81785144
5.77,577,0.226,-0.917,0.059,3.6096354,-38.1590028,0.1718874,86.64270875999998,4.71544434,160.43969915999998
5.78,578,0.198,-0.921,0.057,4.297185,-40.33624320000001,-0.2291832000000001,86.6598975,4.70971476,160.03862855999995
5.79,579,0.165,-0.938,0.061,5.6149884000000005,-40.164355799999996,-0.6875496,86.68854540000002,4.703985179999999,159.64328754000005
5.8,580,0.136,-0.953,0.063,6.130650599999999,-39.820581,-0.057295800000000015,86.7458412,4.703985179999999,159.24794652
5.81,581,0.115,-0.957,0.054000000000000006,6.417129599999999,-39.3049188,1.8334656000000005,86.78594826,4.675337279999999,158.85833508
5.82,582,0.102,-0.959,0.025,7.1046792000000005,-37.7006364,4.6409598,86.83178489999996,4.6180414800000005,158.48591238
5.83,583,0.102,-0.959,0.011,9.740286,-33.74722620000001,7.5630456000000015,86.90626943999996,4.53782736,158.15932632
5.84,584,0.117,-0.953,0.018000000000000002,13.2926256,-28.934379,10.255948199999999,87.02659062000002,4.42896534,157.8785769
5.85,585,0.139,-0.936,0.04,17.3606274,-24.7517856,13.464512999999998,87.20420759999998,4.30864416,157.63793454
5.86,586,0.174,-0.909,0.077,21.027558600000006,-22.7464326,16.959556799999998,87.4047429,4.13675676,157.4202105
5.87,587,0.208,-0.882,0.093,22.8037284,-25.3247436,21.027558600000006,87.62246694,3.9247623,157.17956814
5.88,588,0.242,-0.865,0.111,23.3193906,-30.194886600000004,25.3247436,87.84592056,3.67266078,156.89308913999997
5.89,589,0.274,-0.892,0.165,18.9649098,-38.4454818,27.8457588,88.01780796,3.3919113599999995,156.52639602
5.8999999999999995,590,0.24,-0.898,0.105,11.688343199999998,-49.7900502,29.9657034,88.12666998,3.11689152,156.03938172
5.91,591,0.16699999999999998,-0.912,0.02,6.9327918,-60.16059,32.31483119999999,88.17823620000001,2.79030546,155.45496456
5.92,592,0.03,-1.023,-0.057,5.0993262,-69.55710119999999,32.7731976,88.2068841,2.4637194,154.77314454
5.93,593,-0.142,-1.215,-0.041,6.4744254,-72.9948492,27.1009134,88.25272074,2.19442914,154.06267662
5.9399999999999995,594,-0.345,-1.402,0.006,8.4224826,-66.749607,16.386598799999998,88.32720528,2.02827132,153.40377492
5.95,595,-0.423,-1.436,0.08,9.5111028,-51.279741,4.9847345999999995,88.41887856000002,1.9595163600000003,152.90530146
5.96,596,-0.366,-1.269,0.07400000000000001,9.5111028,-36.1536498,-2.291832,88.50482226,1.98816426,152.5500675
5.97,597,-0.238,-1.054,0.047,9.797581800000001,-28.4187168,-4.9274388,88.60222512,2.0340008999999997,152.26931808
5.9799999999999995,598,-0.103,-0.943,0.044,13.0634424,-24.694489800000003,-1.2032118,88.72827588,2.05118964,152.02294614
5.99,599,-0.012,-0.927,0.041,13.0634424,-25.7258142,5.2712136,88.85432664,1.99962342,151.77084462
6.0,600,0.061,-0.969,0.032,9.453807000000001,-27.903054600000004,10.8289062,88.9517295,1.90795014,151.49582478
6.01,601,0.069,-1.002,0.045,4.9847345999999995,-29.7365202,14.5531332,88.99756613999998,1.76471064,151.20361619999997
6.02,602,0.045,-1.007,0.056,0.2291832000000001,-28.4187168,13.5791046,88.99756613999998,1.6329303,150.92286678
6.03,603,0.019,-0.986,0.053,-1.3750992,-23.204799,9.224623800000002,88.98037740000002,1.5412570200000002,150.69941316
6.04,604,-0.008,-0.963,0.026,-0.11459160000000004,-17.8189938,3.8388186,88.97464782,1.50687954,150.52179618
6.05,605,-0.04,-0.963,0.002,1.8334656000000005,-14.4385416,-0.8021411999999999,88.99183656,1.47250206,150.38428626
6.06,606,-0.076,-0.994,-0.013,3.7815227999999994,-12.7196676,-3.5523396000000003,89.02621404,1.51260912,150.2582355
6.07,607,-0.103,-1.042,-0.021,4.5263682,-12.2040054,-3.4950437999999995,89.07205067999998,1.5469866,150.13791432
6.08,608,-0.13,-1.08,-0.021,3.2658606,-14.2093584,-0.6302538000000001,89.10069858,1.55844576,150.0004044
6.09,609,-0.157,-1.072,-0.02,0.9167328,-18.334656,4.2398892,89.11215774000001,1.5183387000000002,149.81705784000005
6.1,610,-0.17600000000000002,-1.027,0.001,-1.8334656000000005,-20.5691922,7.3911582,89.08923942,1.3750992,149.6279817
6.11,611,-0.162,-0.984,0.021,-3.8961144,-18.1054728,8.651665800000002,89.04913236,1.2891555000000001,149.45036471999995
6.12,612,-0.131,-0.96,0.019,-4.6409598,-14.667724800000002,9.3392154,89.00329572000004,1.19748222,149.30712522000005
6.13,613,-0.102,-0.973,0.015,-3.9534102,-12.2040054,9.8548776,88.95745908,1.10007936,149.18680404
6.14,614,-0.084,-1.018,0.019,-2.2345362,-10.1413566,10.886202,88.93454076,0.9969469199999998,149.08940118
6.15,615,-0.08199999999999999,-1.068,0.036000000000000004,-0.7448454000000001,-8.078707799999998,12.261301199999998,88.94599991999998,0.8307891,149.02064622
6.16,616,-0.085,-1.083,0.046,0.0,-6.5317212,13.0061466,88.94599991999998,0.70473834,148.95762084
6.17,617,-0.077,-1.054,0.052000000000000005,2.2345362,-5.3858052,13.407217200000002,88.96891824000002,0.56722842,148.90605462000005
6.18,618,-0.075,-1.018,0.052000000000000005,4.2398892,-5.958763200000001,13.8082878,89.01475488,0.43544808,148.84875882
6.1899999999999995,619,-0.073,-0.997,0.037000000000000005,6.3598338,-8.193299399999999,14.667724800000002,89.07778026000004,0.28647900000000004,148.7685447
6.2,620,-0.07400000000000001,-0.985,0.052000000000000005,7.7922288,-12.0894138,15.0687954,89.17518312,0.12032118,148.65395310000005
6.21,621,-0.075,-0.977,0.073,7.2765666,-15.985528200000001,14.495837400000001,89.25539724,-0.01718874,148.49925444000004
6.22,622,-0.094,-0.972,0.084,5.5003968,-19.7097552,13.0634424,89.31269304,-0.14323950000000002,148.30444872
6.2299999999999995,623,-0.123,-0.967,0.077,3.4377480000000005,-23.6058696,11.0580894,89.3528001,-0.25210152,148.07526552000004
6.24,624,-0.152,-0.964,0.068,1.6042823999999998,-26.298772200000002,8.59437,89.37571842,-0.33231564,147.81743441999996
6.25,625,-0.16899999999999998,-0.968,0.061,0.0,-26.9863218,6.417129599999999,89.39863674,-0.44690724,147.55960332
6.26,626,-0.172,-0.971,0.055,0.0,-25.6112226,4.583664,89.40436632,-0.4870143000000001,147.3075018
6.27,627,-0.17,-0.971,0.055,0.7448454000000001,-22.7464326,2.5210152000000003,89.41582548,-0.5099326200000001,147.08404818
6.28,628,-0.166,-0.964,0.027000000000000003,0.4583664000000001,-18.2200644,0.6302538000000001,89.42155505999996,-0.5156622000000001,146.90070162
6.29,629,-0.159,-0.94,0.016,3.3231564,-12.3758928,-0.1718874,89.46166212,-0.5099326200000001,146.78038044
6.3,630,-0.142,-0.936,0.02,6.3598338,-6.9327918,-0.8021411999999999,89.53041707999998,-0.59014674,146.72881422
6.31,631,-0.11,-0.946,0.021,7.5057497999999985,-2.3491278,-1.8334656000000005,89.60490161999998,-0.56722842,146.7058959
6.32,632,-0.075,-0.968,0.043,7.1046792000000005,1.5469866,-3.6669312000000014,89.67938615999998,-0.53285094,146.72308464
6.33,633,-0.07,-0.983,0.045,4.9847345999999995,5.0993262,-5.3285094000000015,89.73095237999998,-0.48128472,146.77465086
6.34,634,-0.07400000000000001,-1.005,0.033,4.3544808,6.875496000000001,-5.844171599999999,89.77105944,-0.42398892,146.84340582
6.35,635,-0.076,-1.042,0.023,4.6982556,8.193299399999999,-5.7868758000000025,89.82262566,-0.4010706000000001,146.9350791
6.36,636,-0.085,-1.081,0.021,5.2712136,8.479778399999999,-5.2139178,89.87419188,-0.34950438,147.02102280000003
6.37,637,-0.092,-1.091,0.021,5.844171599999999,8.4224826,-3.4950437999999995,89.93148768,-0.31512690000000004,147.10123692
6.38,638,-0.094,-1.069,0.025,6.875496000000001,8.651665800000002,-1.6042823999999998,90.00024264,-0.30366774,147.18718062
6.39,639,-0.097,-1.031,0.029,8.651665800000002,9.0527364,-0.6302538000000001,90.08618634,-0.29793816,147.2788539
6.4,640,-0.08900000000000001,-1.0,0.033,10.1986524,8.880849000000003,-0.5156622000000001,90.18931878,-0.33804522,147.37625676
6.41,641,-0.077,-0.986,0.036000000000000004,9.6829902,9.568398599999998,-0.8021411999999999,90.28672164,-0.33231564,147.47365962
6.42,642,-0.07200000000000001,-0.983,0.052000000000000005,7.7349330000000025,10.8289062,-1.3750992,90.36120618,-0.32085648,147.58252164
6.43,643,-0.069,-0.98,0.058,5.6149884000000005,12.7196676,-2.0626488000000003,90.41850198,-0.30366774,147.7085724
6.4399999999999995,644,-0.06,-0.978,0.07200000000000001,4.297185,14.667724800000002,-2.86479,90.45860904,-0.28074942,147.8518119
6.45,645,-0.048,-0.981,0.08199999999999999,3.5523396000000003,16.2147114,-3.4377480000000005,90.52163442,-0.26929026,148.01796972
6.46,646,-0.039,-0.991,0.09,3.0939732,16.959556799999998,-3.4377480000000005,90.55028232,-0.24064236,148.18412754
6.47,647,-0.03,-1.006,0.09,2.3491278,16.386598799999998,-2.9793816000000004,90.56747106,-0.21772404,148.35028536
6.4799999999999995,648,-0.018000000000000002,-1.025,0.086,1.8334656000000005,15.2406828,-2.0626488000000003,90.5846598,-0.20053530000000008,148.49925444000004
6.49,649,-0.013,-1.037,0.085,1.6615782,13.120738199999998,-1.4896908000000002,90.60184854,-0.18907614,148.63103478
6.5,650,-0.01,-1.038,0.083,2.1199446,12.3758928,-0.9167328,90.65341476,-0.18334656,148.75135596
6.51,651,-0.006,-1.03,0.08900000000000001,2.2345362,11.8602306,-0.4010706,90.67633308,-0.18334656,148.87167714
6.52,652,-0.002,-1.022,0.092,1.4896908000000002,10.7143146,0.0,90.68779224,-0.18907614,148.97480958
6.53,653,0.004,-1.016,0.099,1.0313244,8.7662574,-0.11459160000000004,90.69925140000001,-0.18907614,149.06648286
6.54,654,0.002,-1.009,0.101,1.145916,6.2452422,-0.5156622000000001,90.71071056,-0.18907614,149.12950824
6.55,655,-0.002,-1.006,0.097,0.6875496,4.010706000000001,-0.8594370000000001,90.86540922,-0.1718874,149.15815614000005
6.56,656,-0.006999999999999999,-1.005,0.091,0.0,1.9480572,-0.9167328,90.85967964,-0.16042824,149.18107446
6.57,657,-0.011,-1.009,0.081,-0.3437748,-0.7448454000000001,-0.7448454000000001,90.85967964,-0.15469866,149.1696153
6.58,658,-0.015,-1.014,0.073,-0.4583664000000001,-2.291832,-0.7448454000000001,90.85395006,-0.14323950000000002,149.14669698
6.59,659,-0.019,-1.016,0.068,-0.286479,-2.9220857999999996,-0.8594370000000001,90.84822048,-0.13178034,149.11804908
6.6,660,-0.024,-1.012,0.062,-0.11459160000000004,-2.4637194,-1.3178034,90.91697544,-0.1718874,149.10086034
6.61,661,-0.028,-1.003,0.057,0.572958,-1.4896908000000002,-1.432395,90.92270502,-0.15469866,149.08940118
6.62,662,-0.031,-0.996,0.056,1.2605076000000002,-0.6302538000000001,-0.9740286,90.93416418,-0.14896908,149.0836716
6.63,663,-0.028,-0.994,0.056,1.5469866,0.1718874,-0.3437748,90.95135292,-0.14323950000000002,149.0836716
6.64,664,-0.016,-0.993,0.064,1.7761698,0.6875496,0.4583664000000001,90.96854166,-0.14896908,149.08940118
6.65,665,-0.001,-0.995,0.07,1.9480572,0.6302538000000001,0.8021411999999999,91.09459242,-0.11459160000000004,149.0836716
6.66,666,0.006,-0.995,0.07,2.0053530000000004,-0.11459160000000004,0.6302538000000001,91.11178116,-0.12605075999999998,149.0836716
6.67,667,0.006,-0.997,0.069,2.4064236,-1.0886202,0.4583664000000001,91.13469948,-0.12605075999999998,149.07221244
6.68,668,0.001,-0.994,0.067,2.6356068,-2.1199446,0.1718874,91.16334738,-0.12605075999999998,149.0550237
6.6899999999999995,669,-0.006999999999999999,-0.994,0.071,2.8074942000000003,-3.2658606,0.057295800000000015,91.19199528,-0.12605075999999998,149.02064622
6.7,670,-0.014,-0.996,0.078,2.9220857999999996,-4.297185,-0.057295800000000015,91.2722094,-0.13750992,148.98053915999995
6.71,671,-0.021,-0.999,0.083,2.9793816000000004,-4.8128472,-0.4583664000000001,91.3008573,-0.13178034,148.93470252
6.72,672,-0.027000000000000003,-1.008,0.083,3.3231564,-4.6409598,-0.8021411999999999,91.33523478,-0.12032118,148.88886588
6.7299999999999995,673,-0.03,-1.015,0.086,3.724227,-3.5523396000000003,-1.0886202,91.37534184,-0.10886202,148.85448839999995
6.74,674,-0.031,-1.022,0.08800000000000001,3.4950437999999995,-2.2345362,-1.145916,91.40971932,-0.09167328,148.83157007999995
6.75,675,-0.027000000000000003,-1.026,0.091,2.9220857999999996,-1.7761698,-0.9740286,91.51285176,-0.11459160000000004,148.82011092
6.76,676,-0.019,-1.027,0.086,2.578311,-2.1199446,-0.7448454000000001,91.54149966,-0.10313244,148.7971926
6.77,677,-0.005,-1.022,0.077,1.8334656000000005,-2.4637194,-0.6302538000000001,91.55868840000001,-0.09740286,148.77427428
6.78,678,0.006,-1.015,0.069,1.6042823999999998,-2.5210152000000003,-0.572958,91.57587714,-0.0859437,148.74562638
6.79,679,0.009000000000000001,-1.009,0.073,1.6615782,-2.7501984,-0.5156622000000001,91.59306588,-0.08021412,148.72270806
6.8,680,0.006,-1.003,0.08,1.432395,-2.9793816000000004,-0.3437748,91.67900958,-0.05156622,148.682601
6.81,681,0.0,-1.002,0.085,0.7448454000000001,-3.5523396000000003,-0.286479,91.68473916,-0.05156622,148.64822352
6.82,682,-0.006,-1.006,0.08900000000000001,0.1718874,-3.7815227999999994,-0.4583664000000001,91.69046874,-0.04010706,148.61384604
6.83,683,-0.014,-1.01,0.085,-0.2291832000000001,-3.6096354,-0.6875496,91.69046874,-0.03437748,148.57373898
6.84,684,-0.02,-1.013,0.077,-0.4010706,-2.9793816000000004,-0.9740286,91.68473916,-0.02291832,148.54509108
6.85,685,-0.02,-1.013,0.071,-0.7448454000000001,-2.2345362,-0.9740286,91.71911664,-0.04583664,148.53363192
6.86,686,-0.017,-1.011,0.066,-0.7448454000000001,-1.9480572,-0.8021411999999999,91.71338706000002,-0.04010706,148.5107136
6.87,687,-0.015,-1.009,0.063,-0.572958,-1.8907613999999997,-0.6875496,91.70765748,-0.028647900000000007,148.49352486
6.88,688,-0.012,-1.006,0.057,0.1718874,-1.2605076000000002,-0.5156622000000001,91.70765748,-0.02291832,148.4820657
6.89,689,-0.015,-1.005,0.062,1.145916,-0.286479,-0.286479,91.71911664,-0.02291832,148.47633612
6.9,690,-0.02,-1.003,0.065,1.432395,0.286479,0.057295800000000015,91.79360118,-0.0859437,148.49352486
6.91,691,-0.024,-1.0,0.073,1.4896908000000002,0.9167328,0.4583664000000001,91.81078992,-0.09167328,148.50498402
6.92,692,-0.021,-1.0,0.081,1.3750992,1.7761698,0.6875496,91.82224908,-0.10313244,148.52217276000005
6.93,693,-0.016,-1.003,0.08199999999999999,1.2605076000000002,2.0053530000000004,0.4583664000000001,91.83370824,-0.10886202,148.54509108
6.9399999999999995,694,-0.011,-1.008,0.08,1.2605076000000002,2.2345362,0.057295800000000015,91.84516740000001,-0.10886202,148.5680094
6.95,695,-0.009000000000000001,-1.015,0.075,0.9740286,2.1199446,-0.11459160000000004,91.9024632,-0.11459160000000004,148.58519814
6.96,696,-0.014,-1.017,0.066,0.7448454000000001,1.8334656000000005,-0.1718874,91.90819278,-0.11459160000000004,148.60238687999995
6.97,697,-0.02,-1.015,0.065,0.7448454000000001,2.2345362,-0.1718874,91.91392236,-0.11459160000000004,148.6253052
6.9799999999999995,698,-0.024,-1.009,0.067,0.9167328,3.0366774,-0.1718874,91.92538152,-0.11459160000000004,148.65968268
6.99,699,-0.024,-1.004,0.071,1.3178034,3.8961144,0.0,91.93684068,-0.12032118,148.69978974
7.0,700,-0.018000000000000002,-0.999,0.07400000000000001,1.3750992,4.6409598,0.2291832000000001,91.97694774,-0.13750992,148.74562638
7.01,701,-0.013,-1.002,0.079,1.4896908000000002,4.8128472,0.4010706,91.99413648,-0.14323950000000002,148.79146302
7.02,702,-0.009000000000000001,-1.007,0.079,1.432395,5.0993262,0.4583664000000001,92.00559564,-0.14896908,148.84302924000005
7.03,703,-0.006999999999999999,-1.014,0.084,1.2032118,5.042030400000002,0.6302538000000001,92.0170548,-0.16042824,148.89459545999995
7.04,704,-0.01,-1.013,0.084,0.4010706,5.0993262,0.5156622000000001,92.02278438,-0.16615782,148.9404321
7.05,705,-0.009000000000000001,-1.012,0.081,-0.057295800000000015,5.2712136,0.2291832000000001,92.05716186,-0.17761697999999998,148.99199832000005
7.06,706,-0.009000000000000001,-1.012,0.083,-0.3437748,5.3285094000000015,0.0,92.05143228,-0.17761697999999998,149.04929411999996
7.07,707,-0.005,-1.014,0.08199999999999999,-0.5156622000000001,5.0993262,-0.1718874,92.0457027,-0.18334656,149.09513076
7.08,708,-0.006999999999999999,-1.013,0.08,-0.8594370000000001,4.5263682,-0.11459160000000004,92.03997312,-0.18334656,149.14096740000005
7.09,709,-0.005,-1.014,0.07400000000000001,-1.145916,4.3544808,-0.11459160000000004,92.02278438,-0.18334656,149.18680404
7.1,710,-0.003,-1.01,0.07,-1.2605076000000002,4.4690724,0.057295800000000015,92.03424354,-0.17761697999999998,149.2269111
7.11,711,0.0,-1.004,0.07,-1.0886202,4.297185,0.2291832000000001,92.02278438,-0.18334656,149.26701816
7.12,712,0.0,-1.001,0.07200000000000001,-0.8021411999999999,3.8961144,0.3437748,92.01132522,-0.18907614,149.30712522000005
7.13,713,-0.002,-1.001,0.073,-0.6875496,3.380452200000001,0.2291832000000001,92.00559564,-0.19480572,149.34150269999995
7.14,714,-0.003,-1.001,0.073,-0.8594370000000001,3.2658606,0.0,91.99413648,-0.20053530000000008,149.37588018000002
7.15,715,-0.006,-1.003,0.07200000000000001,-0.9740286,3.3231564,-0.11459160000000004,92.01132522,-0.19480572,149.40452808
7.16,716,-0.005,-1.005,0.07,-0.9167328,3.2658606,0.0,91.99986606,-0.20053530000000008,149.43890556000005
7.17,717,-0.001,-1.006,0.071,-0.7448454000000001,2.9220857999999996,0.057295800000000015,91.99413648,-0.20053530000000008,149.46755346
7.18,718,0.005,-1.008,0.071,-0.2291832000000001,2.0053530000000004,0.3437748,91.9884069,-0.20626488,149.48474219999997
