TimeStamp(s),FrameCounter,AccX,AccY,AccZ,GyrX,GyrY,GyrZ,EulerX,EulerY,EulerZ
0.01,1,0.006,-1.022,0.035,-0.7448454000000001,-2.0626488000000003,-0.11459160000000004,91.3008573,0.69900876,-71.58537251999998
0.02,2,0.004,-1.019,0.037000000000000005,-0.286479,-2.4064236,-0.11459160000000004,91.29512772,0.70473834,-71.60829084
0.03,3,0.006,-1.011,0.037000000000000005,-0.286479,-2.86479,-0.286479,91.2722094,0.70473834,-71.63693874
0.04,4,0.008,-1.001,0.036000000000000004,-0.4010706,-3.0939732,-0.3437748,91.2722094,0.7104679199999999,-71.66558663999999
0.05,5,0.006999999999999999,-0.998,0.034,-0.6302538000000001,-3.2658606,-0.4010706,91.26075024,0.7161975,-71.69996411999998
0.060000000000000005,6,0.004,-1.0,0.031,-0.9740286,-2.9220857999999996,-0.286479,91.25502066,0.72192708,-71.72861202
0.06999999999999999,7,0.002,-1.005,0.028,-1.0886202,-2.86479,-0.2291832000000001,91.2435615,0.72765666,-71.75725992
0.08,8,0.001,-1.011,0.028,-1.0886202,-2.9220857999999996,-0.11459160000000004,91.19772486,0.7161975,-71.79163739999998
0.09,9,-0.001,-1.014,0.028,-1.145916,-2.7501984,0.0,91.1862657,0.7161975,-71.8202853
0.09999999999999999,10,-0.004,-1.014,0.027000000000000003,-1.0886202,-2.3491278,0.0,91.17480654,0.7161975,-71.84320362
0.11,11,-0.006,-1.011,0.027000000000000003,-1.145916,-1.6615782,-0.11459160000000004,91.16334738,0.7161975,-71.86039236
0.12,12,-0.005,-1.01,0.025,-1.3178034,-0.8021411999999999,-0.4010706,91.15188822,0.72192708,-71.86612194
0.13,13,-0.002,-1.011,0.021,-1.6615782,-0.057295800000000015,-0.6875496,91.06594452,0.69900876,-71.8775811
0.14,14,0.0,-1.012,0.017,-1.6042823999999998,0.0,-0.572958,91.04875578,0.70473834,-71.8775811
0.15000000000000002,15,0.003,-1.013,0.018000000000000002,-1.145916,-0.2291832000000001,-0.2291832000000001,91.03729662,0.7104679199999999,-71.8775811
0.16,16,0.006,-1.012,0.021,-0.7448454000000001,-0.3437748,0.057295800000000015,91.03156704,0.7104679199999999,-71.88331068
0.17,17,0.008,-1.01,0.025,-0.6302538000000001,-0.3437748,0.5156622000000001,91.02583746,0.70473834,-71.88904026
0.18000000000000002,18,0.009000000000000001,-1.007,0.023,-0.7448454000000001,-0.4010706,0.6875496,90.94562334,0.70473834,-71.89476984000002
0.19,19,0.006,-1.003,0.024,-0.8021411999999999,-0.8594370000000001,0.6875496,90.93989376,0.69900876,-71.90049941999997
0.2,20,0.006,-1.005,0.028,-1.2605076000000002,-1.145916,0.4583664000000001,90.92843459999999,0.69327918,-71.91195858
0.21000000000000002,21,0.004,-1.009,0.029,-2.0053530000000004,-1.3750992,0.3437748,90.90551628,0.6875496,-71.92914732
0.22,22,0.003,-1.01,0.026,-2.4064236,-1.3178034,0.4583664000000001,90.88259796,0.68182002,-71.94060648
0.23,23,0.001,-1.011,0.025,-2.578311,-1.2032118,0.6302538000000001,90.83676132,0.66463128,-71.95779522
0.24000000000000002,24,0.0,-1.012,0.028,-2.5210152000000003,-1.2605076000000002,0.6875496,90.80811342,0.6589017,-71.96925438
0.25,25,-0.002,-1.012,0.034,-2.291832,-1.6042823999999998,0.4583664000000001,90.78519509999998,0.65317212,-71.98644312
0.26,26,-0.004,-1.011,0.039,-2.578311,-2.0053530000000004,0.2291832000000001,90.76227678,0.65317212,-72.00363186
0.27,27,-0.003,-1.01,0.039,-2.9793816000000004,-2.5210152000000003,-0.057295800000000015,90.7278993,0.65317212,-72.03227976
0.28,28,-0.002,-1.011,0.037000000000000005,-3.3231564,-2.6356068,-0.286479,90.69925140000001,0.64744254,-72.06092766
0.29000000000000004,29,-0.001,-1.009,0.031,-3.2085648,-1.9480572,-0.11459160000000004,90.66487392,0.65317212,-72.07811640000001
0.3,30,-0.001,-1.005,0.026,-2.6929026,-0.6302538000000001,0.11459160000000004,90.63622602,0.64744254,-72.08957556
0.31,31,-0.001,-1.004,0.027000000000000003,-2.1772404,0.057295800000000015,0.3437748,90.6133077,0.64744254,-72.08957556
0.32,32,0.0,-1.004,0.034,-1.8334656000000005,0.057295800000000015,0.572958,90.59611896,0.64171296,-72.08384598
0.33,33,0.009000000000000001,-1.008,0.044,-2.0053530000000004,0.11459160000000004,0.6302538000000001,90.6133077,0.64744254,-72.07811640000001
0.34,34,0.016,-1.01,0.045,-3.2658606,0.0,0.3437748,90.57893022,0.64744254,-72.07811640000001
0.35000000000000003,35,0.02,-1.012,0.037000000000000005,-4.8701430000000006,-0.572958,-0.11459160000000004,90.53309358,0.64744254,-72.08957556
0.36000000000000004,36,0.022,-1.018,0.027000000000000003,-6.3025379999999975,-1.432395,-0.572958,90.46433862,0.65317212,-72.10103472
0.37,37,0.024,-1.022,0.026,-6.875496000000001,-2.1772404,-0.6302538000000001,90.39558366,0.6589017,-72.12395303999998
0.38,38,0.024,-1.021,0.025,-6.875496000000001,-1.9480572,-0.6875496,90.32109912,0.68182002,-72.14114178
0.39,39,0.027000000000000003,-1.017,0.019,-7.161975,-1.2032118,-0.6875496,90.25234416,0.6875496,-72.15260094
0.4,40,0.024,-1.01,0.014,-7.161975,-0.8021411999999999,-0.572958,90.17785962,0.69327918,-72.16406009999999
0.41000000000000003,41,0.016,-1.0,0.013,-6.3598338,-1.145916,-0.5156622000000001,90.11483424,0.69900876,-72.17551926
0.42000000000000004,42,0.011,-0.996,0.023,-5.1566220000000005,-1.432395,-0.3437748,90.05753844,0.69900876,-72.192708
0.43,43,0.022,-0.996,0.035,-3.9534102,-0.9740286,0.0,90.04607927999999,0.7391158200000001,-72.192708
0.44,44,0.038,-1.0,0.039,-3.8388186,-1.2605076000000002,0.7448454000000001,90.00597222,0.73338624,-72.20416716
0.45,45,0.051,-1.006,0.033,-4.4117766,-3.4950437999999995,1.7761698,89.96013558000001,0.7104679199999999,-72.23854464
0.46,46,0.058,-1.018,0.023,-4.9847345999999995,-6.0733548,2.4637194,89.90856936,0.6875496,-72.30157002
0.47000000000000003,47,0.063,-1.025,0.017,-4.9847345999999995,-9.224623800000002,2.9793816000000004,89.85700313999996,0.66463128,-72.3932433
0.48000000000000004,48,0.066,-1.02,0.021,-4.5263682,-12.0894138,3.380452200000001,89.81689608,0.65317212,-72.5078349
0.49,49,0.059,-1.012,0.031,-4.0680017999999984,-14.7250206,3.4377480000000005,89.77105944,0.62452422,-72.65680397999998
0.5,50,0.039,-1.001,0.038,-4.3544808,-16.501190400000002,3.151269,89.73095237999998,0.59587632,-72.81723222
0.51,51,0.013,-1.001,0.046,-4.9847345999999995,-16.7303736,2.4637194,89.67938615999998,0.5729580000000001,-72.98339003999997
0.52,52,-0.004,-1.006,0.046,-6.3598338,-15.527161800000002,1.145916,89.61636078000002,0.56149884,-73.1380887
0.53,53,-0.019,-1.007,0.036000000000000004,-8.193299399999999,-12.3758928,-0.2291832000000001,89.53614666000001,0.55576926,-73.26413946
0.54,54,-0.024,-1.007,0.029,-8.307891,-9.453807000000001,-1.145916,89.45593253999998,0.56722842,-73.36154232
0.55,55,-0.024,-1.016,0.023,-8.5370742,-6.130650599999999,-1.9480572,89.36998884,0.59014674,-73.41883812
0.56,56,-0.019,-1.019,0.015,-9.167328,-2.4064236,-2.4637194,89.27258598,0.61306506,-73.44748602000001
0.5700000000000001,57,-0.006,-1.017,0.014,-9.224623800000002,0.6875496,-2.4064236,89.1809127,0.63598338,-73.44175643999998
0.5800000000000001,58,0.013,-1.014,0.019,-9.2819196,3.2085648,-2.0626488000000003,89.09496899999998,0.66463128,-73.40737895999997
0.59,59,0.03,-1.009,0.017,-9.5111028,5.0993262,-1.432395,88.99756613999998,0.67609044,-73.36154232
0.6,60,0.04,-1.003,0.012,-9.6829902,5.72958,-0.4010706,88.90016328,0.68182002,-73.30424652
0.61,61,0.05,-1.0,0.0,-10.1413566,6.0733548,0.0,88.79703083999998,0.68182002,-73.24695072
0.62,62,0.066,-0.995,-0.012,-10.255948199999999,5.958763200000001,0.3437748,88.68816882,0.67609044,-73.18392534
0.63,63,0.08199999999999999,-0.989,-0.023,-9.167328,4.8128472,0.8594370000000001,88.57930680000004,0.7104679199999999,-73.13235912
0.64,64,0.087,-0.983,-0.037000000000000005,-7.6203414,2.4064236,1.4896908000000002,88.50482226,0.69327918,-73.10944079999999
0.65,65,0.08199999999999999,-0.975,-0.039,-6.016058999999999,-0.4010706,2.1199446,88.44179688,0.6703608600000001,-73.10944079999999
0.66,66,0.076,-0.969,-0.034,-4.6982556,-3.2085648,2.86479,88.39596024,0.64171296,-73.14381828
0.67,67,0.075,-0.966,-0.026,-4.1825934,-5.9014674000000005,3.724227,88.35012359999996,0.6073354799999999,-73.20111408
0.68,68,0.078,-0.968,-0.024,-4.1252976000000015,-9.3392154,4.583664,88.29855738,0.5844171599999999,-73.28705778
0.6900000000000001,69,0.079,-0.97,-0.031,-5.443101,-13.349921400000001,4.9847345999999995,88.24699116,0.53858052,-73.41883812
0.7000000000000001,70,0.071,-0.972,-0.05,-7.2765666,-16.386598799999998,5.042030400000002,88.17250662000002,0.4870143000000001,-73.57926636
0.7100000000000001,71,0.053,-0.971,-0.061,-9.3392154,-18.3919518,4.6982556,88.08083334,0.43544808,-73.76261292000002
0.72,72,0.037000000000000005,-0.97,-0.051,-11.172681,-19.3659804,4.2398892,87.96624174,0.38961144,-73.95168906
0.73,73,0.023,-0.971,-0.043,-13.407217200000002,-20.798375399999998,3.5523396000000003,87.82873182,0.35523396,-74.15795394
0.74,74,0.025,-0.974,-0.017,-16.157415599999997,-22.7464326,2.6356068,87.66257399999998,0.32658606,-74.38713714000002
0.75,75,0.036000000000000004,-0.994,0.031,-18.5638392,-25.6685184,1.9480572,87.47922744,0.30366774,-74.63923866
0.76,76,0.044,-1.063,0.05,-22.5745452,-31.111619399999995,2.4064236,87.25004424,0.26929026,-74.94863597999998
0.77,77,0.032,-1.147,0.023,-28.8770832,-40.04976420000001,4.6409598,86.95783566,0.21199446,-75.34397700000002
0.78,78,-0.008,-1.19,-0.056,-31.627281600000003,-49.04520479999999,6.875496000000001,86.64270875999998,0.12605075999999998,-75.8309913
0.79,79,-0.063,-1.164,-0.07200000000000001,-28.5333084,-52.712136,7.3911582,86.36195934,0.03437748,-76.35238308000002
0.8,80,-0.105,-1.092,-0.014,-22.0015872,-48.128471999999995,5.2139178,86.1442353,-0.03437748,-76.82793822
0.81,81,-0.126,-1.008,0.069,-15.2406828,-38.2162986,2.0626488000000003,85.99526621999998,-0.07448454,-77.20609049999999
0.8200000000000001,82,-0.128,-0.932,0.136,-11.4018642,-27.1582092,-0.9167328,85.88067462000002,-0.07448454,-77.47538076
0.8300000000000001,83,-0.126,-0.895,0.182,-11.516455800000001,-17.303331600000003,-2.7501984,85.82910840000002,-0.0859437,-77.65299774
0.8400000000000001,84,-0.117,-0.913,0.206,-15.0687954,-8.193299399999999,-2.86479,85.67440974,-0.06302537999999999,-77.73894143999998
0.85,85,-0.106,-0.975,0.193,-18.8503182,0.9167328,-1.432395,85.48533359999998,-0.05156622,-77.73321186000003
0.86,86,-0.062,-1.069,0.15,-21.6578124,7.448453999999999,0.8594370000000001,85.26187998,-0.057295800000000015,-77.65872732
0.87,87,-0.028,-1.153,0.101,-21.0848544,10.0840608,4.1825934,85.04988552,-0.09740286,-77.56132446000002
0.88,88,-0.018000000000000002,-1.193,0.075,-16.042824000000003,6.760904399999999,7.8495246,84.90664602000003,-0.1718874,-77.48683992
0.89,89,-0.001,-1.151,0.075,-10.7716104,2.6356068,10.7143146,84.79778400000002,-0.27501984,-77.45246244
0.9,90,-0.008,-1.082,0.076,-6.6463128000000005,0.6875496,12.7196676,84.72902904,-0.4010706000000001,-77.43527370000002
0.91,91,-0.014,-1.012,0.087,-5.6722842,-0.3437748,12.9488508,84.67173324000002,-0.53285094,-77.42954411999997
0.92,92,-0.032,-0.948,0.083,-8.136003599999999,-1.3750992,11.4018642,84.59151912,-0.64744254,-77.43527370000002
0.93,93,-0.045,-0.92,0.085,-10.8289062,-2.2345362,9.453807000000001,84.52849374,-0.75630456,-77.44673286
0.9400000000000001,94,-0.066,-0.924,0.08,-13.407217200000002,-2.9220857999999996,8.078707799999998,84.39098382,-0.83651868,-77.46965118
0.9500000000000001,95,-0.08199999999999999,-0.936,0.064,-15.2406828,-3.8388186,7.7349330000000025,84.24201474,-0.9167328000000001,-77.50402865999997
0.9600000000000001,96,-0.086,-0.943,0.05,-14.2093584,-4.6409598,7.9641161999999985,84.09877524000002,-1.0026765,-77.54413572000001
0.97,97,-0.08199999999999999,-0.949,0.044,-11.3445684,-5.2712136,8.250595200000001,83.98418364,-1.0886202,-77.58997236
0.98,98,-0.093,-0.936,0.061,-8.3651868,-5.3858052,8.5370742,83.94980616,-1.2032117999999998,-77.64153858
0.99,99,-0.105,-0.915,0.093,-6.1879464,-3.8961144,8.9954406,83.88678078000002,-1.29488508,-77.67018648
1.0,100,-0.12,-0.889,0.13,-3.9534102,-1.7761698,8.8235532,83.84667372,-1.38655836,-77.68164564
1.01,101,-0.131,-0.882,0.16,-2.4637194,0.8594370000000001,8.193299399999999,83.82375540000002,-1.46677248,-77.66445689999998
1.02,102,-0.133,-0.897,0.162,-5.2139178,3.4950437999999995,7.448453999999999,83.76645959999998,-1.5412570200000002,-77.61862026
1.03,103,-0.127,-0.917,0.14400000000000002,-8.307891,5.443101,6.3025379999999975,83.76073002,-1.6329303,-77.56705404
1.04,104,-0.112,-0.952,0.127,-8.880849000000003,6.1879464,4.5263682,83.66905674,-1.67303736,-77.50402865999997
1.05,105,-0.085,-0.98,0.116,-10.1986524,6.703608600000001,2.9793816000000004,83.56019472,-1.6959556799999995,-77.43527370000002
1.06,106,-0.055,-0.98,0.09,-11.5737516,6.8182002000000015,1.8334656000000005,83.43987354000002,-1.71314442,-77.36651874
1.07,107,-0.035,-0.965,0.067,-11.1153852,5.3858052,1.2605076000000002,83.32528194,-1.7188740000000002,-77.31495251999998
1.08,108,-0.031,-0.955,0.06,-8.4224826,1.5469866,1.0886202,83.35965941999999,-1.73033316,-77.30349336
1.09,109,-0.036000000000000004,-0.965,0.03,-7.7922288,-2.9220857999999996,1.145916,83.27944529999998,-1.74179232,-77.33214126
1.1,110,-0.055,-0.973,0.029,-6.1879464,-6.9327918,1.6615782,83.2221495,-1.76471064,-77.39516663999999
1.11,111,-0.071,-0.985,0.047,-3.5523396000000003,-8.479778399999999,2.291832,83.18777202,-1.79908812,-77.48111034
1.12,112,-0.085,-0.986,0.064,-1.3750992,-8.307891,2.6356068,83.17631286,-1.8334656000000005,-77.55559488
1.1300000000000001,113,-0.106,-0.976,0.095,1.2605076000000002,-7.1046792000000005,2.5210152000000003,83.34247067999998,-1.92513888,-77.64153858
1.1400000000000001,114,-0.127,-0.971,0.111,2.9793816000000004,-4.6409598,2.4637194,83.37684816,-1.95378678,-77.68164564
1.1500000000000001,115,-0.152,-0.976,0.109,3.4377480000000005,-2.578311,2.5210152000000003,83.41122564,-1.9767051,-77.70456396
1.1600000000000001,116,-0.18,-0.994,0.098,3.4377480000000005,-0.1718874,3.2658606,83.44560312,-2.01108258,-77.70456396
1.17,117,-0.203,-1.021,0.075,2.4064236,3.6669312000000014,3.8388186,83.46852143999998,-2.04546006,-77.66445689999998
1.18,118,-0.207,-1.067,0.019,0.6302538000000001,7.906820400000001,4.8128472,83.50289891999998,-2.14286292,-77.58424278
1.19,119,-0.172,-1.152,-0.108,-2.4637194,11.0580894,6.8182002000000015,83.47425102000003,-2.20015872,-77.46965118
1.2,120,-0.107,-1.246,-0.209,-1.6042823999999998,8.59437,10.8289062,83.45133270000002,-2.30329116,-77.37224832
1.21,121,-0.059,-1.317,-0.156,7.906820400000001,1.145916,15.756345000000001,83.53154682,-2.45226024,-77.34360042
1.22,122,-0.055,-1.3219999999999998,-0.044,16.272007199999994,-5.1566220000000005,18.907614000000002,83.69770464000001,-2.6413363800000003,-77.37224832
1.23,123,-0.101,-1.267,0.037000000000000005,18.334656,-6.8182002000000015,16.8449652,83.90396952,-2.82468294,-77.42381454
1.24,124,-0.183,-1.157,0.052000000000000005,15.870936600000002,-2.8074942000000003,9.224623800000002,84.06439776,-2.91635622,-77.43527370000002
1.25,125,-0.21600000000000005,-1.071,0.08800000000000001,16.2147114,2.6929026,0.9740286,84.23055558,-2.9220858,-77.40662579999999
1.26,126,-0.214,-1.044,0.085,19.8816426,8.136003599999999,-5.0993262,84.42536129999998,-2.86479,-77.33214126
1.27,127,-0.183,-1.072,0.028,19.6524594,18.6784308,-8.078707799999998,84.61443744,-2.76738714,-77.14879470000002
1.28,128,-0.14400000000000002,-1.132,-0.022,15.813640800000002,29.507337,-7.8495246,84.76340652,-2.67571386,-76.86804528
1.29,129,-0.094,-1.2009999999999998,-0.059,13.980175199999998,34.7212548,-5.7868758000000025,84.8837277,-2.59549974,-76.52427048
1.3,130,-0.042,-1.238,-0.115,12.9488508,35.17962120000001,-3.8961144,84.99831929999998,-2.53820394,-76.18049568
1.31,131,0.071,-1.229,-0.17600000000000002,12.9488508,36.8411994,-3.2658606,85.10718132,-2.48090814,-75.81953214
1.32,132,0.19,-1.131,-0.215,15.2406828,40.5654264,-2.578311,85.23896166,-2.42934192,-75.41846154
1.33,133,0.21,-1.021,-0.195,19.5378678,36.6120162,-2.0626488000000003,85.39938989999997,-2.35485738,-75.05176842
1.34,134,0.156,-0.958,-0.182,18.7357266,28.762491600000004,-2.2345362,85.57127729999998,-2.3147503200000004,-74.76528942
1.35,135,0.07400000000000001,-0.919,-0.17600000000000002,14.4385416,22.631841,-2.9793816000000004,85.70878722,-2.2746432600000004,-74.5418358
1.36,136,0.0,-0.912,-0.174,12.834259199999998,20.340009,-4.1252976000000015,85.82910840000002,-2.22307704,-74.3413005
1.37,137,-0.055,-0.955,-0.181,10.1986524,19.1367972,-5.3858052,85.92078168,-2.16005166,-74.15222436
1.3800000000000001,138,-0.08199999999999999,-0.996,-0.165,7.906820400000001,16.272007199999994,-6.4744254,85.96088874,-2.09702628,-73.9975257
1.3900000000000001,139,-0.063,-1.027,-0.162,5.6722842,13.0634424,-7.2765666,86.01245496,-2.02254174,-73.87147494000001
1.4000000000000001,140,-0.025,-1.046,-0.157,5.2712136,9.969469199999999,-7.906820400000001,86.06402118000004,-1.93659804,-73.77980166
1.4100000000000001,141,0.019,-1.055,-0.14300000000000002,6.703608600000001,7.5057497999999985,-8.193299399999999,86.12704656,-1.85065434,-73.70531712
1.42,142,0.051,-1.053,-0.13,8.193299399999999,6.760904399999999,-7.7349330000000025,86.20726068,-1.77044022,-73.64229173999998
1.43,143,0.069,-1.051,-0.128,8.8235532,6.4744254,-7.3911582,86.26455648,-1.6615782,-73.57926636
1.44,144,0.063,-1.038,-0.126,9.167328,7.333862400000001,-7.1046792000000005,86.35622975999998,-1.5870936600000003,-73.51051140000001
1.45,145,0.068,-1.029,-0.108,9.1100322,8.4224826,-7.448453999999999,86.44217346,-1.50687954,-73.43029728
1.46,146,0.028,-1.036,-0.098,10.1413566,7.8495246,-7.7349330000000025,86.5453059,-1.42666542,-73.35581274
1.47,147,0.01,-1.011,-0.09,7.6776372,6.5317212,-8.59437,86.61979044,-1.34072172,-73.29278736
1.48,148,0.009000000000000001,-0.986,-0.079,7.5630456000000015,4.583664,-9.3392154,86.67708624000002,-1.22613012,-73.2526803
1.49,149,0.05,-0.917,-0.077,6.4744254,2.1772404,-8.5370742,86.7458412,-1.14018642,-73.23549156
1.5,150,0.067,-0.8740000000000001,-0.078,5.7868758000000025,0.5156622000000001,-8.651665800000002,86.80313699999998,-1.05424272,-73.22976198
1.51,151,0.069,-0.845,-0.073,3.9534102,-1.7761698,-9.1100322,86.84324405999998,-0.96256944,-73.2526803
1.52,152,0.079,-0.8340000000000001,-0.075,3.4950437999999995,-4.297185,-9.797581800000001,86.88335112,-0.86516658,-73.29851693999998
1.53,153,0.093,-0.84,-0.077,2.4064236,-5.9014674000000005,-10.4278356,86.88908070000002,-0.72192708,-73.36154232
1.54,154,0.098,-0.862,-0.086,1.6042823999999998,-7.2192707999999985,-10.6570188,86.90626943999996,-0.61879464,-73.43602686
1.55,155,0.104,-0.897,-0.078,1.145916,-9.3965112,-11.2872726,86.92345818,-0.5099326200000001,-73.53342971999999
1.56,156,0.09,-0.9,-0.064,-1.2605076000000002,-12.605076,-10.3705398,86.91199902000002,-0.41252976,-73.66521005999998
1.57,157,0.061,-0.904,-0.042,-1.2605076000000002,-14.7823164,-9.453807000000001,86.90053986000002,-0.32085648,-73.81990872
1.58,158,0.043,-0.89,-0.021,-0.11459160000000004,-13.980175199999998,-9.1100322,86.90626943999996,-0.21772404,-73.95741863999999
1.59,159,0.026,-0.885,-0.008,-0.6302538000000001,-11.688343199999998,-8.5370742,86.90053986000002,-0.13750992,-74.07773982
1.6,160,0.012,-0.877,-0.013,-1.432395,-8.9381448,-7.5630456000000015,86.88335112,-0.06302537999999999,-74.1694131
1.61,161,0.006999999999999999,-0.885,-0.011,-2.3491278,-7.0473834,-6.6463128000000005,86.8604328,0.0,-74.24389764
1.62,162,0.02,-0.901,-0.026,-4.4690724,-6.3025379999999975,-5.443101,86.82032574,0.04583664,-74.31265259999998
1.6300000000000001,163,0.041,-0.905,-0.05,-5.7868758000000025,-6.2452422,-4.1252976000000015,86.7458412,0.10886202,-74.37567798
1.6400000000000001,164,0.056,-0.895,-0.062,-4.010706000000001,-6.703608600000001,-2.7501984,86.70573413999998,0.13178034,-74.44443294
1.6500000000000001,165,0.053,-0.875,-0.053,-0.3437748,-8.136003599999999,-1.0313244,86.70573413999998,0.14323950000000002,-74.52464705999998
1.6600000000000001,166,0.036000000000000004,-0.8540000000000001,-0.002,4.6982556,-9.3965112,0.4583664000000001,86.75157078,0.13750992,-74.61632033999999
1.6700000000000002,167,0.01,-0.8440000000000001,0.056,9.2819196,-10.026765,1.6615782,86.84897364,0.11459160000000004,-74.71372319999998
1.68,168,-0.008,-0.843,0.078,12.3758928,-8.4224826,2.5210152000000003,87.00940188,0.0859437,-74.79393732
1.69,169,-0.011,-0.852,0.096,14.2093584,-5.3285094000000015,3.151269,87.15264138,0.057295800000000015,-74.84550354000002
1.7,170,0.0,-0.871,0.108,15.2406828,-2.5210152000000003,3.5523396000000003,87.30734004,0.02291832,-74.86842186
1.71,171,0.022,-0.908,0.14800000000000002,16.673077799999998,-1.9480572,4.010706000000001,87.47922744,-0.01145916,-74.87988102
1.72,172,0.046,-0.946,0.173,16.673077799999998,-4.1825934,4.1252976000000015,87.64538526,-0.05156622,-74.91998808000002
1.73,173,0.075,-0.993,0.17,15.0114996,-7.2192707999999985,3.0366774,87.8631093,-0.05156622,-74.98301346
1.74,174,0.093,-1.041,0.142,12.7196676,-8.307891,0.4583664000000001,87.99488964000004,-0.05156622,-75.06895716
1.75,175,0.097,-1.081,0.136,11.2872726,-7.448453999999999,-2.6356068,88.10948124000002,-0.028647900000000007,-75.13771212
1.76,176,0.075,-1.114,0.131,9.797581800000001,-6.6463128000000005,-5.2712136,88.21261368,0.01718874,-75.20646708
1.77,177,0.039,-1.132,0.13699999999999998,9.224623800000002,-5.5576926,-6.703608600000001,88.30428696,0.0859437,-75.26376287999999
1.78,178,0.006999999999999999,-1.133,0.157,10.1986524,-4.6409598,-6.9327918,88.45325604000001,0.16042824,-75.30959952
1.79,179,-0.006999999999999999,-1.12,0.182,12.3758928,-3.724227,-6.4744254,88.57930680000004,0.22345362,-75.34397700000002
1.8,180,0.005,-1.099,0.208,15.6990492,-2.7501984,-5.443101,88.73973504,0.28074942,-75.37262489999998
1.81,181,0.043,-1.077,0.239,19.938938399999998,-2.6356068,-4.0680017999999984,88.94027034,0.32085648,-75.39554322000002
1.82,182,0.069,-1.103,0.227,20.6837838,-7.5630456000000015,-3.0939732,89.1522648,0.35523396,-75.47002776000002
1.83,183,0.07,-1.177,0.14300000000000002,13.0634424,-13.349921400000001,-3.8388186,89.29550429999998,0.40680018,-75.60180809999999
1.84,184,0.019,-1.275,0.017,6.1879464,-18.334656,-7.7349330000000025,89.35852968,0.4870143000000001,-75.78515466
1.85,185,-0.042,-1.371,-0.019,6.0733548,-15.0687954,-14.9542038,89.42155505999996,0.63598338,-75.93412373999998
1.86,186,-0.063,-1.426,-0.018000000000000002,10.255948199999999,-4.583664,-22.345362,89.5246875,0.8594370000000001,-75.97996038
1.87,187,0.005,-1.382,-0.153,15.870936600000002,2.8074942000000003,-25.6685184,89.69084532,1.1172681,-75.95131248
1.8800000000000001,188,0.097,-1.286,-0.201,20.2827132,-2.7501984,-23.3193906,89.87419188,1.3579104599999998,-75.9742308
1.8900000000000001,189,0.165,-1.186,-0.181,21.6005166,-14.9542038,-17.9908812,90.09191592,1.5469866,-76.11747030000002
1.9000000000000001,190,0.154,-1.118,-0.13,17.7044022,-20.912967,-13.521808800000002,90.2695329,1.6844965200000002,-76.32373518
1.9100000000000001,191,0.075,-1.047,-0.166,8.8235532,-23.376686399999997,-11.1153852,90.3554766,1.8048176999999999,-76.55291838000002
1.9200000000000002,192,-0.037000000000000005,-0.973,-0.253,-1.432395,-28.1322378,-10.313244,90.33255828,1.9194093000000003,-76.82793822
1.93,193,-0.103,-0.928,-0.23,-7.1046792000000005,-30.4240698,-11.516455800000001,90.2122371,2.01681216,-77.13733554
1.94,194,-0.091,-0.965,-0.189,-10.886202,-23.9496444,-14.5531332,90.0976455,2.1657812400000003,-77.37224832
1.95,195,-0.03,-1.035,-0.214,-12.318597,-16.329303,-17.8762896,89.96586515999998,2.3491277999999998,-77.53840613999998
1.96,196,0.018000000000000002,-1.09,-0.202,-13.464512999999998,-11.0007936,-20.9702628,89.82835524000002,2.5611222600000003,-77.64726816
1.97,197,0.049,-1.113,-0.18,-13.9228794,-5.2712136,-22.058883,89.68511574,2.7788463,-77.69883438
1.98,198,0.064,-1.116,-0.159,-11.0580894,-1.6042823999999998,-19.8816426,89.53041707999998,2.9793816000000004,-77.7217527
1.99,199,0.064,-1.108,-0.126,-7.2192707999999985,0.286479,-14.896907999999998,89.46166212,3.12835068,-77.71602312
2.0,200,0.05,-1.078,-0.103,-5.0993262,1.6042823999999998,-7.906820400000001,89.4100959,3.20283522,-77.70456396
2.01,201,0.033,-1.048,-0.109,-4.3544808,1.432395,-0.8021411999999999,89.36425926,3.214294380000001,-77.68737522
2.02,202,0.018000000000000002,-1.023,-0.125,-4.4690724,0.0,4.8128472,89.31842262,3.1627281600000003,-77.68737522
2.03,203,0.001,-0.989,-0.097,-2.5210152000000003,-2.4637194,7.906820400000001,89.22674934,3.04813656,-77.7217527
2.04,204,0.0,-0.963,-0.069,-1.3178034,-3.8388186,7.7922288,89.21529018,2.9736520200000003,-77.75613018
2.05,205,0.011,-0.934,-0.044,-1.2032118,-3.8388186,6.016058999999999,89.19810143999999,2.91062664,-77.79623724
2.0599999999999996,206,0.006,-0.909,-0.031,-0.9740286,-1.9480572,5.042030400000002,89.18664228,2.86479,-77.81342598
2.07,207,-0.008,-0.895,-0.027000000000000003,-0.9167328,0.2291832000000001,5.5003968,89.1809127,2.8074942000000003,-77.81342598
2.0799999999999996,208,-0.024,-0.878,-0.029,-1.145916,2.6929026,7.3911582,89.1522648,2.70436176,-77.79050766
2.09,209,-0.031,-0.88,-0.021,-0.9740286,4.4690724,9.0527364,89.14080564,2.61268848,-77.74467102000001
2.0999999999999996,210,-0.051,-0.894,-0.018000000000000002,-0.7448454000000001,6.990087599999999,10.7716104,89.13507606,2.50382646,-77.67591605999998
2.11,211,-0.07200000000000001,-0.8959999999999999,-0.008,-1.8907613999999997,9.9121734,12.5477802,89.12361690000002,2.3777757,-77.57278362
2.1199999999999997,212,-0.071,-0.877,-0.012,-2.9220857999999996,12.891555,12.605076,89.09496899999998,2.25172494,-77.44673286
2.13,213,-0.07,-0.88,0.003,-4.5263682,17.0168526,12.032117999999999,89.05486194,2.10275586,-77.27484546000002
2.1399999999999997,214,-0.064,-0.895,0.004,-6.6463128000000005,20.2827132,10.6570188,88.99183656,1.99389384,-77.07431016000002
2.15,215,-0.055,-0.8959999999999999,-0.008,-8.651665800000002,21.2567418,8.59437,88.90589286,1.90795014,-76.8623157
2.1599999999999997,216,-0.037000000000000005,-0.8809999999999999,0.001,-10.599723,20.6837838,6.130650599999999,88.80276042,1.84492476,-76.66178040000001
2.17,217,-0.026,-0.857,0.0,-11.172681,19.938938399999998,4.6409598,88.69389840000002,1.7933585399999998,-76.46124510000001
2.1799999999999997,218,0.001,-0.861,0.012,-7.7922288,18.8503182,3.4377480000000005,88.61941386,1.75325148,-76.27789854
2.19,219,0.013,-0.85,0.023,-6.875496000000001,17.475219,2.3491278,88.55638848,1.73033316,-76.10601113999998
2.1999999999999997,220,-0.001,-0.8540000000000001,0.006999999999999999,-6.3598338,16.042824000000003,1.3750992,88.4933631,1.71314442,-75.9455829
2.21,221,0.0,-0.838,-0.01,-2.578311,13.6936962,-1.145916,88.47044478000002,1.7246035799999997,-75.81380256
2.2199999999999998,222,0.009000000000000001,-0.8540000000000001,-0.012,-0.8021411999999999,11.3445684,-2.0626488000000003,88.45898561999998,1.7475218999999995,-75.69921095999999
2.23,223,0.019,-0.856,0.005,3.6096354,10.0840608,-2.86479,88.51055184,1.7761698,-75.60180809999999
2.2399999999999998,224,0.029,-0.8440000000000001,0.043,6.3598338,11.229976800000001,-4.010706000000001,88.57930680000004,1.81627686,-75.4872165
2.25,225,0.041,-0.8340000000000001,0.077,10.1413566,12.891555,-5.1566220000000005,88.68243924,1.86784308,-75.36116574
2.26,226,0.038,-0.828,0.121,12.834259199999998,12.6623718,-5.5576926,88.81421958,1.92513888,-75.23511498
2.27,227,0.019,-0.841,0.179,13.750992000000002,11.172681,-5.1566220000000005,88.95745908,1.9767051,-75.12052338000002
2.28,228,-0.004,-0.8759999999999999,0.195,12.834259199999998,8.7662574,-3.8388186,89.15799438,1.99962342,-75.03457968000002
2.29,229,-0.032,-0.933,0.168,10.7716104,5.042030400000002,-2.1199446,89.2668564,2.01681216,-74.98301346
2.3,230,-0.056,-1.01,0.129,8.193299399999999,1.2605076000000002,-0.4583664000000001,89.3528001,2.02254174,-74.97155430000002
2.31,231,-0.071,-1.087,0.106,4.8701430000000006,-2.291832,0.572958,89.40436632,2.01681216,-74.99447262
2.32,232,-0.067,-1.171,0.046,-0.2291832000000001,-4.5263682,1.432395,89.39863674,2.005353,-75.04030925999999
2.3299999999999996,233,-0.034,-1.206,-0.01,-5.0993262,-9.568398599999998,2.578311,89.34134094,1.97097552,-75.13198254
2.34,234,0.026,-1.177,0.066,-0.057295800000000015,-14.7250206,3.0939732,89.34134094,1.94232762,-75.28095162
2.3499999999999996,235,0.073,-1.127,0.158,6.1879464,-14.495837400000001,2.3491278,89.39863674,1.9194093000000003,-75.42419112
2.36,236,0.07200000000000001,-1.067,0.188,9.969469199999999,-12.4331886,0.8594370000000001,89.49603959999996,1.91367972,-75.54451230000002
2.3699999999999997,237,0.038,-1.016,0.21,14.7823164,-11.0580894,0.0,89.64500868,1.9194093000000003,-75.65337432
2.38,238,0.012,-1.024,0.195,16.615782,-7.3911582,-0.057295800000000015,89.87419188,1.91367972,-75.72212928
2.3899999999999997,239,0.001,-1.093,0.097,12.9488508,-0.5156622000000001,0.9167328,90.00597222,1.90795014,-75.72785886
2.4,240,0.018000000000000002,-1.183,-0.024,9.6829902,6.875496000000001,3.2658606,90.10337508,1.87357266,-75.6591039
2.4099999999999997,241,0.034,-1.245,-0.045,17.246035799999998,9.224623800000002,7.9641161999999985,90.28099206,1.7933585399999998,-75.56170104
2.42,242,0.031,-1.2990000000000002,-0.021,26.69984280000001,8.9954406,14.7823164,90.5560119,1.64438946,-75.47575734
2.4299999999999997,243,0.015,-1.34,-0.057,28.762491600000004,10.4851314,23.032911600000002,90.84249090000002,1.40947668,-75.37262489999998
2.44,244,-0.008,-1.325,-0.122,27.3300966,6.2452422,31.340802600000004,91.12324032,1.10007936,-75.30959952
2.4499999999999997,245,-0.033,-1.251,-0.16899999999999998,29.67922440000001,0.572958,35.46610020000001,91.42117848,0.75057498,-75.30959952
2.46,246,-0.033,-1.158,-0.163,30.93973200000001,4.4117766,34.7212548,91.73630538,0.40680018,-75.27522203999997
2.4699999999999998,247,-0.046,-1.08,-0.149,26.642547,6.1879464,32.2002396,92.01132522,0.08021412,-75.21792624
2.48,248,-0.079,-1.023,-0.121,16.4438946,7.448453999999999,26.9863218,92.13737598,-0.20053530000000008,-75.15490086000001
2.4899999999999998,249,-0.08800000000000001,-0.992,-0.14300000000000002,2.578311,18.7930224,20.2827132,92.1602943,-0.41252976,-74.97728388
2.5,250,-0.08,-1.028,-0.223,-7.8495246,35.236917,14.4385416,92.0743506,-0.5786875800000001,-74.63923866
2.51,251,-0.066,-1.131,-0.272,-14.32395,45.550161,11.3445684,91.91965194,-0.72192708,-74.19233141999999
2.52,252,-0.033,-1.205,-0.272,-16.501190400000002,44.6334282,11.172681,91.73630538,-0.8594370000000001,-73.75688333999999
2.53,253,-0.022,-1.224,-0.237,-13.0061466,37.1849742,12.7769634,91.57014756,-1.00840608,-73.3959198
2.54,254,-0.016,-1.185,-0.192,-7.3911582,28.8770832,13.5791046,91.48420386,-1.1573751600000002,-73.11517038
2.55,255,-0.004,-1.113,-0.151,-3.380452200000001,20.511896399999998,12.891555,91.4440968,-1.30061466,-72.91463508000002
2.56,256,0.005,-1.038,-0.116,-0.572958,11.4018642,10.4851314,91.43263764,-1.40947668,-72.80577306
2.57,257,0.011,-0.991,-0.102,0.8021411999999999,2.5210152000000003,6.0733548,91.4440968,-1.47250206,-72.78285473999998
2.5799999999999996,258,0.03,-0.964,-0.085,1.0313244,-4.3544808,-0.1718874,91.35242352,-1.40947668,-72.81723222
2.59,259,0.055,-0.959,-0.037000000000000005,0.6875496,-8.078707799999998,-7.7922288,91.36388268,-1.32353298,-72.89744634
2.5999999999999996,260,0.078,-0.968,-0.001,-0.6875496,-8.3651868,-14.667724800000002,91.3581531,-1.1745638999999999,-72.97193088
2.61,261,0.087,-0.964,-0.001,-1.8907613999999997,-8.193299399999999,-18.2773602,91.34096436,-0.9912173399999998,-73.052145
2.6199999999999997,262,0.069,-0.973,-0.003,-2.0626488000000003,-8.651665800000002,-18.6784308,91.32377562,-0.8021412000000001,-73.13235912
2.63,263,0.05,-0.949,-0.008,-3.724227,-8.193299399999999,-16.902261,91.26647982,-0.61306506,-73.20684365999998
2.6399999999999997,264,0.043,-0.908,-0.009000000000000001,-4.1252976000000015,-7.2192707999999985,-12.9488508,91.22637276,-0.48128472,-73.27559862
2.65,265,0.039,-0.877,-0.012,-4.583664,-5.844171599999999,-10.0840608,91.18053612,-0.37815228,-73.33289442
2.6599999999999997,266,0.039,-0.867,-0.012,-5.9014674000000005,-4.4690724,-8.307891,91.12324032,-0.29220857999999994,-73.37300148
2.67,267,0.056,-0.845,-0.018000000000000002,-7.2765666,-3.2658606,-7.0473834,91.04875578,-0.22345362,-73.40737895999997
2.6799999999999997,268,0.08199999999999999,-0.846,-0.022,-7.161975,-4.4690724,-6.703608600000001,90.9570825,-0.11459160000000004,-73.44748602000001
2.69,269,0.099,-0.8440000000000001,-0.023,-9.5111028,-6.589017,-6.875496000000001,90.85967964,-0.04583664,-73.51051140000001
2.6999999999999997,270,0.096,-0.856,-0.019,-9.5111028,-9.224623800000002,-7.7922288,90.76800636,0.028647900000000007,-73.60218468000002
2.71,271,0.085,-0.858,-0.01,-12.6623718,-11.5737516,-7.3911582,90.6419556,0.10886202,-73.71677628
2.7199999999999998,272,0.067,-0.848,-0.029,-13.9228794,-12.5477802,-6.3598338,90.4987161,0.1718874,-73.84282704
2.73,273,0.04,-0.851,-0.036000000000000004,-12.7769634,-12.3758928,-5.6722842,90.3554766,0.24064236,-73.96314822000002
2.7399999999999998,274,0.027000000000000003,-0.8590000000000001,-0.023,-12.4904844,-10.8289062,-5.1566220000000005,90.22942584,0.29220857999999994,-74.07201024000003
2.75,275,0.03,-0.884,-0.009000000000000001,-10.8289062,-9.3392154,-4.8128472,90.12056382,0.3437748,-74.1694131
2.76,276,0.046,-0.92,0.004,-8.250595200000001,-8.7089616,-4.2398892,90.03462012,0.38961144,-74.2553568
2.77,277,0.043,-0.92,0.016,-6.6463128000000005,-8.078707799999998,-2.578311,89.96586515999998,0.41252976,-74.33557092
2.78,278,0.052000000000000005,-0.924,0.029,-4.297185,-7.2192707999999985,-1.6042823999999998,89.93148768,0.46982556,-74.40432588
2.79,279,0.049,-0.913,0.033,-2.0626488000000003,-6.5317212,-0.7448454000000001,89.90856936,0.47555514,-74.46735126
2.8,280,0.037000000000000005,-0.889,0.043,1.3750992,-5.6149884000000005,0.5156622000000001,89.9257581,0.46982556,-74.52464705999998
2.81,281,0.037000000000000005,-0.863,0.055,5.6149884000000005,-4.297185,1.8334656000000005,89.98305390000002,0.4583664000000001,-74.56475412
2.82,282,0.023,-0.8390000000000001,0.083,10.9434978,-3.2085648,3.151269,90.09191592,0.42398892,-74.59913159999998
2.8299999999999996,283,0.006999999999999999,-0.8240000000000001,0.159,16.157415599999997,-2.3491278,4.010706000000001,90.30391038,0.38961144,-74.61632033999999
2.84,284,0.009000000000000001,-0.831,0.222,19.194093,-1.6615782,4.2398892,90.4987161,0.34950438,-74.63350908
2.8499999999999996,285,0.032,-0.878,0.257,19.480572,-2.5210152000000003,4.1252976000000015,90.69925140000001,0.30939732,-74.65642740000001
2.86,286,0.069,-0.935,0.263,17.246035799999998,-5.0993262,2.9220857999999996,90.87686838,0.28647900000000004,-74.70799362
2.8699999999999997,287,0.109,-0.995,0.229,14.610429000000002,-6.5317212,0.5156622000000001,91.02583746,0.28074942,-74.771019
2.88,288,0.141,-1.06,0.171,10.886202,-5.5003968,-2.6929026,91.17480654,0.3724227000000001,-74.81685564
2.8899999999999997,289,0.142,-1.101,0.123,8.021412000000002,-2.6356068,-6.0733548,91.25502066,0.43544808,-74.83977395999997
2.9,290,0.106,-1.116,0.124,6.9327918,-0.7448454000000001,-8.250595200000001,91.3295052,0.5156622000000001,-74.84550354000002
2.9099999999999997,291,0.047,-1.109,0.155,7.2765666,-2.0053530000000004,-7.7922288,91.40398974,0.59587632,-74.86269228
2.92,292,-0.001,-1.094,0.168,7.333862400000001,-4.0680017999999984,-4.9847345999999995,91.47847428,0.64744254,-74.89706976
2.9299999999999997,293,-0.019,-1.058,0.188,9.8548776,-3.2658606,-1.7188740000000002,91.66182084,0.65317212,-74.92571766
2.94,294,-0.011,-1.011,0.21,13.8082878,-2.6356068,0.6875496,91.79933076,0.65317212,-74.95436556000001
2.9499999999999997,295,0.006999999999999999,-0.971,0.21600000000000005,17.475219,-4.1825934,1.8334656000000005,91.97694774,0.63598338,-74.99447262
2.96,296,0.044,-0.957,0.17600000000000002,19.480572,-6.589017,2.0626488000000003,92.17748304,0.61879464,-75.057498
2.9699999999999998,297,0.059,-1.003,0.058,16.042824000000003,-14.4385416,1.2605076000000002,92.33791128,0.61879464,-75.2007375
2.98,298,0.024,-1.092,-0.078,6.990087599999999,-25.7258142,-0.9740286,92.37801834,0.64744254,-75.45283902
2.9899999999999998,299,0.002,-1.208,-0.043,10.4278356,-27.501984000000004,-6.5317212,92.48688036,0.73338624,-75.72212928
3.0,300,0.015,-1.3230000000000002,-0.062,19.480572,-18.6784308,-16.042824000000003,92.68168608,0.90527364,-75.89401668000002
3.01,301,-0.02,-1.352,-0.166,23.14750320000001,-18.449247600000003,-25.2674478,92.91659886,1.1745638999999999,-76.0601745
3.02,302,-0.073,-1.341,-0.231,27.3300966,-21.3713334,-31.22621100000001,93.1916187,1.50114996,-76.24925064
3.03,303,-0.091,-1.266,-0.225,24.5226024,-20.168121600000006,-34.2055926,93.41507232,1.85065434,-76.42686762000002
3.04,304,-0.092,-1.164,-0.203,18.8503182,-14.152062599999999,-32.830493399999995,93.60414846,2.18869956,-76.54718879999999
3.05,305,-0.034,-1.074,-0.267,12.834259199999998,-7.7922288,-26.929026,93.7359288,2.4637194,-76.60448459999998
3.06,306,0.067,-1.002,-0.264,12.6623718,-14.9542038,-18.048177,93.85624998,2.65852512,-76.73626494
3.07,307,0.14400000000000002,-1.026,-0.172,11.1153852,-26.4706596,-9.2819196,93.95938242,2.7788463,-76.98836646
3.08,308,0.17600000000000002,-1.108,-0.168,2.7501984,-31.4553942,-4.4690724,93.9364641,2.87051958,-77.29776378
3.09,309,0.16899999999999998,-1.202,-0.16699999999999998,-3.3231564,-31.5699858,-5.443101,93.89062746,2.9564632800000004,-77.60143152
3.0999999999999996,310,0.111,-1.259,-0.136,-2.6929026,-30.1375908,-8.5370742,93.8505204,3.07105488,-77.8936401
3.11,311,0.024,-1.261,-0.103,1.432395,-27.215505,-11.1153852,93.85624998,3.20283522,-78.15720078000003
3.1199999999999997,312,-0.04,-1.225,-0.06,5.9014674000000005,-21.6005166,-11.8602306,93.9078162,3.34607472,-78.35773608
3.13,313,-0.07200000000000001,-1.176,-0.033,8.078707799999998,-13.6364004,-9.9121734,93.95365284,3.42628884,-78.48951642
3.1399999999999997,314,-0.08800000000000001,-1.127,-0.015,8.250595200000001,-5.958763200000001,-5.7868758000000025,94.03386695999998,3.48931422,-78.54681221999998
3.15,315,-0.099,-1.074,0.011,6.6463128000000005,0.057295800000000015,-1.0313244,94.10262192,3.50077338,-78.54108264
3.1599999999999997,316,-0.086,-1.06,0.015,4.2398892,6.990087599999999,2.8074942000000003,94.14845856,3.4663959,-78.47805725999999
3.17,317,-0.056,-1.048,0.005,1.5469866,12.605076,5.0993262,94.17137688,3.40337052,-78.35200649999999
3.1799999999999997,318,-0.031,-1.028,0.015,-0.572958,16.157415599999997,5.844171599999999,94.14272898,3.30023808,-78.20303742
3.19,319,-0.03,-0.999,0.037000000000000005,-2.3491278,19.0222056,6.0733548,94.12554024,3.22002396,-78.01969086
3.1999999999999997,320,-0.052000000000000005,-0.964,0.03,-3.724227,21.3713334,6.589017,94.09689233999998,3.13408026,-77.81342598
3.21,321,-0.053,-0.95,0.017,-5.958763200000001,22.631841,7.333862400000001,94.04532612,3.0366774000000003,-77.59570194
3.2199999999999998,322,-0.079,-0.933,0.005,-9.3392154,24.350715,7.7349330000000025,93.95938242,2.93927454,-77.36651874
3.23,323,-0.066,-0.913,0.005,-10.599723,26.1841806,7.161975,93.84479082,2.81895336,-77.11441721999998
3.2399999999999998,324,-0.062,-0.904,0.011,-11.6310474,30.194886600000004,6.3025379999999975,93.7359288,2.72728008,-76.82220864
3.25,325,-0.023,-0.89,0.02,-14.4385416,33.4607472,6.4744254,93.59841887999998,2.62987722,-76.50135216
3.26,326,0.016,-0.88,0.003,-15.183387000000002,34.4920716,7.3911582,93.45517938,2.52674478,-76.16903651999998
3.27,327,0.05,-0.8759999999999999,-0.008,-16.042824000000003,32.4294228,9.224623800000002,93.3062103,2.4064236,-75.85390962
3.28,328,0.08199999999999999,-0.8420000000000001,-0.014,-17.589810600000003,28.074942,9.740286,93.11713416,2.2918320000000003,-75.58461936
3.29,329,0.093,-0.845,0.0,-16.8449652,23.032911600000002,9.740286,92.95097633999998,2.1772404,-75.36689532
3.3,330,0.075,-0.838,0.005,-18.907614000000002,18.907614000000002,8.880849000000003,92.7619002,2.07410796,-75.18354876
3.31,331,0.057,-0.841,0.015,-19.4232762,15.6417534,6.703608600000001,92.57282406,1.99389384,-75.03457968000002
3.32,332,0.039,-0.847,0.016,-20.454600600000006,12.261301199999998,3.2085648,92.36655918,1.9480572000000005,-74.91998808000002
3.33,333,0.014,-0.853,0.014,-20.454600600000006,10.0840608,0.5156622000000001,92.14883514,1.93659804,-74.82258522
3.34,334,0.003,-0.848,0.003,-20.3973048,8.7089616,-1.432395,91.94257026,1.94232762,-74.73664152
3.3499999999999996,335,-0.005,-0.838,-0.019,-19.3659804,7.6203414,-2.0053530000000004,91.74776454000002,1.95378678,-74.66215697999998
3.36,336,-0.011,-0.826,-0.021,-16.959556799999998,7.333862400000001,-2.4064236,91.57587714,1.9767051,-74.59340202
3.3699999999999997,337,-0.009000000000000001,-0.813,0.01,-13.0634424,9.2819196,-3.2085648,91.4440968,1.99962342,-74.50172874
3.38,338,-0.006,-0.81,0.048,-9.6829902,13.0061466,-4.297185,91.35242352,2.02827132,-74.37567798
3.3899999999999997,339,-0.019,-0.8140000000000001,0.06,-7.161975,15.6417534,-5.0993262,91.28366856,2.06837838,-74.22097932
3.4,340,-0.048,-0.831,0.053,-3.724227,14.4385416,-5.3858052,91.24929108,2.11421502,-74.07773982
3.4099999999999997,341,-0.076,-0.865,0.068,-0.8021411999999999,13.6936962,-5.042030400000002,91.2435615,2.16005166,-73.94022989999998
3.42,342,-0.084,-0.902,0.095,1.7761698,14.896907999999998,-3.9534102,91.26647982,2.19442914,-73.79126082
3.4299999999999997,343,-0.071,-0.941,0.122,4.1252976000000015,17.7044022,-2.7501984,91.34669394,2.17151082,-73.61364384000002
3.44,344,-0.047,-0.984,0.13699999999999998,5.443101,20.1108258,-1.3178034,91.40971932,2.1772404,-73.41883812
3.4499999999999997,345,-0.018000000000000002,-1.038,0.141,6.417129599999999,20.340009,0.3437748,91.47847428,2.1657812400000003,-73.21257324000003
3.46,346,0.023,-1.108,0.112,5.2139178,19.5378678,2.4637194,91.53577008,2.12567418,-73.02349709999999
3.4699999999999998,347,0.084,-1.159,0.093,3.8388186,14.8396122,4.6982556,91.58160672,2.07410796,-72.87452801999999
3.48,348,0.13,-1.162,0.157,7.161975,4.583664,7.7922288,91.69046874,2.02254174,-72.82869138
3.4899999999999998,349,0.13,-1.123,0.25,11.2872726,-1.6042823999999998,9.9121734,91.80506034,1.92513888,-72.84588012
3.5,350,0.103,-1.048,0.309,15.183387000000002,-6.130650599999999,10.313244,91.959759,1.82773602,-72.9089055
3.51,351,0.066,-1.002,0.313,16.7303736,-8.250595200000001,9.1100322,92.12591682,1.74179232,-72.98911962000003
3.52,352,0.037000000000000005,-1.001,0.268,14.8396122,-9.167328,7.333862400000001,92.2748859,1.6787669399999998,-73.0807929
3.53,353,0.038,-1.062,0.161,10.9434978,-9.453807000000001,5.844171599999999,92.40093666,1.6329303,-73.17819576000002
3.54,354,0.07,-1.159,0.067,6.760904399999999,-10.1986524,6.589017,92.46969162,1.5756344999999998,-73.28132819999998
3.55,355,0.091,-1.251,0.017,9.8548776,-12.5477802,10.1986524,92.56709448,1.48396122,-73.40737895999997
3.56,356,0.068,-1.306,0.009000000000000001,20.6837838,-12.834259199999998,18.2200644,92.77335936,1.31207382,-73.53915930000002
3.57,357,0.021,-1.33,-0.038,21.9442914,-10.4278356,24.2934192,92.99681298,1.08289062,-73.6537509
3.58,358,-0.006999999999999999,-1.3219999999999998,-0.128,17.18874,-7.161975,27.501984000000004,93.15151164,0.8136003599999999,-73.73969459999998
3.59,359,-0.003,-1.259,-0.198,15.4125702,-7.7922288,29.7365202,93.31193988,0.52712136,-73.83136787999999
3.5999999999999996,360,0.015,-1.166,-0.237,17.3606274,-6.417129599999999,32.31483119999999,93.48955686,0.21199446,-73.911582
3.61,361,0.046,-1.072,-0.208,16.615782,-1.6042823999999998,33.002380800000005,93.65571468,-0.10313244,-73.95168906
3.6199999999999997,362,0.025,-1.008,-0.189,9.969469199999999,-1.7761698,32.142943800000005,93.75884712,-0.41825934,-73.98606654
3.63,363,-0.053,-0.978,-0.234,2.6356068,-1.4896908000000002,27.6165756,93.66717384,-0.7161975,-74.02044402
3.6399999999999997,364,-0.119,-1.02,-0.277,-6.990087599999999,15.0114996,21.6005166,93.5926893,-0.9453806999999999,-73.88866368000002
3.65,365,-0.166,-1.094,-0.29100000000000004,-12.7196676,31.6845774,16.272007199999994,93.4494498,-1.13445684,-73.59072552
3.6599999999999997,366,-0.198,-1.159,-0.287,-15.756345000000001,36.03905820000001,12.605076,93.27756240000001,-1.2891555000000001,-73.24122114
3.67,367,-0.187,-1.2,-0.267,-13.120738199999998,34.0337052,11.1153852,93.1343229,-1.42666542,-72.91463508000002
3.6799999999999997,368,-0.131,-1.205,-0.225,-6.990087599999999,32.0283522,10.8289062,93.01400172,-1.56990492,-72.60523776
3.69,369,-0.046,-1.171,-0.177,-1.5469866,29.1062664,10.313244,92.98535382,-1.6959556799999995,-72.32448833999999
3.6999999999999997,370,0.034,-1.115,-0.112,2.0053530000000004,22.8037284,8.7662574,92.99681298,-1.79908812,-72.10676430000002
3.71,371,0.091,-1.041,-0.046,3.5523396000000003,14.667724800000002,5.9014674000000005,93.02546088,-1.87357266,-71.9635248
3.7199999999999998,372,0.121,-0.993,-0.034,2.6356068,4.297185,1.3178034,93.05410878,-1.88503182,-71.92341774
3.73,373,0.136,-0.977,-0.024,0.8594370000000001,-0.4010706,-3.380452200000001,92.92805802,-1.59282324,-71.88904026
3.7399999999999998,374,0.14400000000000002,-0.982,0.003,-0.8021411999999999,-2.291832,-8.4224826,92.92232844,-1.50687954,-71.90622900000002
3.75,375,0.132,-0.977,0.026,-3.0366774,-3.5523396000000003,-12.4904844,92.89368054,-1.38082878,-71.93487689999998
3.76,376,0.119,-0.943,0.036000000000000004,-4.7555514,-5.5576926,-14.2093584,92.84211432,-1.2318597,-71.98644312
3.77,377,0.08800000000000001,-0.914,0.044,-4.1825934,-7.2192707999999985,-14.32395,92.80200726,-1.08289062,-72.0494685
3.78,378,0.063,-0.894,0.052000000000000005,-3.0939732,-8.479778399999999,-13.178034,92.77335936,-0.92246238,-72.12395303999998
3.79,379,0.049,-0.8759999999999999,0.056,-3.5523396000000003,-9.453807000000001,-11.0007936,92.73898188,-0.8021412000000001,-72.20989674
3.8,380,0.043,-0.852,0.048,-4.9847345999999995,-10.4851314,-8.9954406,92.68741566,-0.7104679199999999,-72.31302918
3.81,381,0.043,-0.856,0.043,-3.9534102,-10.9434978,-8.136003599999999,92.65303818,-0.61879464,-72.41616162
3.82,382,0.045,-0.8390000000000001,0.035,-7.2765666,-9.740286,-6.5317212,92.57855364,-0.55003968,-72.5078349
3.83,383,0.066,-0.857,0.024,-6.8182002000000015,-9.568398599999998,-6.1879464,92.5040691,-0.4526368200000001,-72.59950818
3.84,384,0.075,-0.867,0.03,-9.0527364,-8.880849000000003,-7.0473834,92.41239582,-0.37815228,-72.68545188
3.8499999999999996,385,0.081,-0.88,0.028,-10.1413566,-8.9954406,-6.990087599999999,92.30926338,-0.30366774,-72.77139558
3.86,386,0.06,-0.878,0.028,-9.740286,-9.5111028,-6.589017,92.21186052,-0.23491278,-72.86306886
3.8699999999999997,387,0.029,-0.872,0.017,-9.453807000000001,-8.9954406,-5.3285094000000015,92.12018724,-0.1718874,-72.95474214000002
3.88,388,0.003,-0.873,0.021,-8.5370742,-7.5057497999999985,-3.151269,92.02278438,-0.13750992,-73.02922668
3.8899999999999997,389,-0.012,-0.89,0.035,-7.1046792000000005,-5.9014674000000005,-1.3750992,91.94829984,-0.12032118,-73.08652248
3.9,390,-0.016,-0.902,0.05,-5.9014674000000005,-3.2085648,-0.2291832000000001,91.89100404,-0.11459160000000004,-73.12089996
3.9099999999999997,391,-0.008,-0.904,0.054000000000000006,-5.6722842,0.057295800000000015,0.4010706,91.83370824,-0.12032118,-73.12089996
3.92,392,0.012,-0.895,0.045,-5.72958,3.4950437999999995,0.7448454000000001,91.77068286,-0.13178034,-73.08652248
3.9299999999999997,393,0.038,-0.882,0.039,-4.4117766,7.2765666,0.6302538000000001,91.72484622,-0.10886202,-73.00630836
3.94,394,0.057,-0.8640000000000001,0.056,-1.0886202,9.969469199999999,0.8021411999999999,91.71338706000002,-0.12605075999999998,-72.9089055
3.9499999999999997,395,0.042,-0.838,0.08,2.1772404,9.8548776,1.7761698,91.73630538,-0.14896908,-72.81150264
3.96,396,0.01,-0.8270000000000001,0.098,6.990087599999999,8.3651868,3.380452200000001,91.80506034,-0.18907614,-72.73128852
3.9699999999999998,397,-0.016,-0.8370000000000001,0.127,11.45916,8.250595200000001,4.2398892,91.91965194,-0.23491278,-72.65107440000001
3.98,398,-0.013,-0.86,0.16399999999999998,14.667724800000002,9.0527364,4.8128472,92.1029985,-0.28647900000000004,-72.55940111999998
3.9899999999999998,399,0.03,-0.901,0.197,15.985528200000001,8.8235532,5.2712136,92.26915632,-0.3437748,-72.46772784
4.0,400,0.105,-0.955,0.215,15.4125702,6.8182002000000015,5.042030400000002,92.42385498,-0.39534102,-72.40470246
4.01,401,0.17800000000000002,-1.024,0.185,11.745639,4.1252976000000015,3.724227,92.53844658,-0.43544808,-72.36459540000001
4.02,402,0.228,-1.091,0.122,6.417129599999999,2.6929026,0.9740286,92.60720154,-0.44690724,-72.3359475
4.03,403,0.21600000000000005,-1.136,0.075,3.3231564,2.9220857999999996,-2.4064236,92.63584944,-0.33231564,-72.29584044
4.04,404,0.125,-1.133,0.092,4.8128472,1.8907613999999997,-4.1252976000000015,92.68741566,-0.29220857999999994,-72.27292212
4.05,405,0.024,-1.107,0.135,8.7662574,-0.11459160000000004,-2.4064236,92.77335936,-0.26356068,-72.27292212
4.06,406,-0.049,-1.072,0.16399999999999998,12.1467096,-0.9740286,0.8594370000000001,92.89941012,-0.27501984,-72.2786517
4.07,407,-0.073,-1.037,0.182,15.469866,0.11459160000000004,3.3231564,93.05410878,-0.30366774,-72.2786517
4.08,408,-0.06,-1.013,0.188,19.4232762,0.9167328,3.8388186,93.29475114,-0.36096354,-72.26719254
4.09,409,-0.026,-1.005,0.182,23.6631654,-0.572958,2.6929026,93.5353935,-0.38388186,-72.27292212
4.1,410,0.0,-1.05,0.127,24.4653066,-6.417129599999999,0.6302538000000001,93.78749502,-0.38388186,-72.3359475
4.109999999999999,411,0.004,-1.157,-0.041,18.7930224,-13.0634424,-2.86479,93.98230074,-0.33804522,-72.45626868000002
4.12,412,0.01,-1.258,-0.073,15.0687954,-15.756345000000001,-11.1153852,94.13699940000001,-0.21199446,-72.60523776
4.13,413,0.032,-1.3019999999999998,-0.085,16.157415599999997,-5.958763200000001,-20.454600600000006,94.2802389,0.0,-72.64534482
4.14,414,0.036000000000000004,-1.262,-0.127,22.345362,-0.286479,-28.2468294,94.5094221,0.27501984,-72.6224265
4.1499999999999995,415,0.019,-1.194,-0.162,29.2781538,-0.9740286,-33.2888598,94.80163068,0.6073354799999999,-72.60523776
4.16,416,-0.008,-1.12,-0.113,29.2781538,-1.0886202,-36.955791,95.09956884,0.97975818,-72.57658986
4.17,417,-0.051,-1.045,-0.103,21.1421502,2.6356068,-36.955791,95.31729288,1.34072172,-72.51356448
4.18,418,-0.07,-0.965,-0.227,12.0894138,1.6615782,-32.4294228,95.33448162,1.6386598799999998,-72.479187
4.1899999999999995,419,-0.032,-0.957,-0.29100000000000004,4.4117766,-5.443101,-27.2728008,95.38031826,1.91367972,-72.5078349
4.2,420,0.023,-1.046,-0.29,-3.724227,-18.907614000000002,-22.86102420000001,95.3402112,2.1657812400000003,-72.66826314
4.21,421,0.08199999999999999,-1.175,-0.28300000000000003,-11.229976800000001,-20.3973048,-21.199446,95.21989002,2.39496444,-72.85160970000003
4.22,422,0.128,-1.275,-0.253,-14.896907999999998,-16.615782,-22.1161788,95.06519136,2.6356068,-72.9948492
4.2299999999999995,423,0.138,-1.293,-0.189,-9.9121734,-9.9121734,-23.14750320000001,94.92768144,2.88197874,-73.07506332
4.24,424,0.117,-1.25,-0.14800000000000002,-2.0626488000000003,-4.6982556,-21.8869956,94.90476312,3.1054323600000004,-73.10371122000002
4.25,425,0.066,-1.195,-0.094,5.0993262,0.2291832000000001,-18.7357266,94.96205892,3.28877892,-73.08652248
4.26,426,0.002,-1.145,-0.035,9.969469199999999,6.1879464,-13.980175199999998,95.06519136,3.42055926,-73.01203794
4.27,427,-0.055,-1.105,0.008,11.0580894,13.178034,-6.9327918,95.18551254,3.47785506,-72.87452801999999
4.28,428,-0.094,-1.058,0.023,9.0527364,23.2620948,1.8334656000000005,95.26572666,3.3919113599999995,-72.65107440000001
4.29,429,-0.098,-1.036,0.056,8.5370742,29.507337,7.448453999999999,95.36312952,3.28304934,-72.37032497999998
4.3,430,-0.084,-1.031,0.062,5.2139178,35.17962120000001,10.026765,95.43188448,3.1398098400000003,-72.03227976
4.31,431,-0.049,-1.023,0.062,3.3231564,38.5027776,9.8548776,95.48345069999999,2.9965703400000003,-71.65985706000002
4.32,432,-0.011,-1.014,0.067,2.4064236,39.47680620000001,8.193299399999999,95.52355776,2.86479,-71.28170478000001
4.33,433,0.006,-0.99,0.069,0.4010706,39.534102,6.703608600000001,95.52928733999998,2.74446882,-70.9035525
4.34,434,0.018000000000000002,-0.976,0.061,-0.6302538000000001,39.820581,6.016058999999999,95.53501692,2.6356068,-70.51967064
4.35,435,0.006999999999999999,-0.959,0.059,-2.5210152000000003,39.877876799999996,6.130650599999999,95.51782818,2.52674478,-70.1300592
4.36,436,-0.027000000000000003,-0.944,0.067,-6.589017,41.19568020000001,7.448453999999999,95.46626196,2.40069402,-69.73471817999999
4.37,437,-0.036000000000000004,-0.908,0.07400000000000001,-9.224623800000002,44.404245,8.4224826,95.38031826,2.2631841,-69.31072925999999
4.38,438,-0.043,-0.893,0.086,-10.6570188,48.5868384,9.9121734,95.2829154,2.09702628,-68.8409037
4.39,439,-0.03,-0.877,0.085,-11.6310474,52.6548402,10.886202,95.17405338,1.92513888,-68.33670065999999
4.3999999999999995,440,-0.002,-0.873,0.085,-12.3758928,54.6601932,11.0007936,95.05946178,1.75325148,-67.80957930000001
4.41,441,0.033,-0.847,0.078,-14.896907999999998,54.4883058,10.599723,94.91622228,1.5870936600000003,-67.28818752
4.42,442,0.07200000000000001,-0.821,0.076,-14.896907999999998,51.5089242,8.479778399999999,94.77298278,1.44385416,-66.78971406
4.43,443,0.09,-0.815,0.083,-14.381245800000002,47.7274014,5.7868758000000025,94.62974328,1.3464512999999998,-66.32561808
4.4399999999999995,444,0.102,-0.8240000000000001,0.087,-14.32395,42.4561878,3.4377480000000005,94.48650378,1.26623718,-65.91308832
4.45,445,0.091,-0.831,0.087,-14.32395,38.4454818,1.6042823999999998,94.34326428,1.20894138,-65.53493604
4.46,446,0.076,-0.8420000000000001,0.07200000000000001,-14.152062599999999,34.8358464,0.0,94.20575436,1.1688343199999998,-65.19689082
4.47,447,0.056,-0.846,0.05,-13.521808800000002,31.913760600000003,-1.7761698,94.06824444,1.1573751600000002,-64.88176392
4.4799999999999995,448,0.039,-0.856,0.019,-12.891555,30.0229992,-3.0939732,93.92500494,1.16310474,-64.58955533999999
4.49,449,0.026,-0.857,-0.013,-11.45916,29.7365202,-4.297185,93.81041334,1.1745638999999999,-64.29161718
4.5,450,0.022,-0.8390000000000001,-0.016,-7.448453999999999,32.372127,-5.2139178,93.7359288,1.19748222,-63.97076069999999
4.51,451,0.021,-0.8170000000000001,0.025,-0.4583664000000001,37.0703826,-5.2712136,93.73019922,1.21467096,-63.60406758000001
4.52,452,0.004,-0.789,0.094,7.7349330000000025,39.877876799999996,-3.5523396000000003,93.81614292,1.21467096,-63.20299698
4.53,453,-0.025,-0.782,0.166,13.407217200000002,38.5027776,-0.9167328,93.97657116,1.18029348,-62.82484469999999
4.54,454,-0.048,-0.818,0.204,14.8396122,37.6433406,1.3178034,94.12554024,1.12872726,-62.452422
4.55,455,-0.054000000000000006,-0.884,0.189,11.917526400000002,38.961144,2.4637194,94.251591,1.06570188,-62.06854014
4.56,456,-0.049,-0.962,0.157,9.6829902,39.4195104,2.578311,94.34899386,1.0026765,-61.68465828
4.57,457,-0.046,-1.054,0.121,8.5370742,36.32553720000001,2.86479,94.44066714,0.93965112,-61.32369473999999
4.58,458,-0.021,-1.14,0.06,6.4744254,32.142943800000005,4.4117766,94.49223336,0.8594370000000001,-61.01429741999999
4.59,459,0.022,-1.188,0.094,9.740286,23.2620948,7.6776372,94.5953658,0.75630456,-60.79084379999999
4.6,460,0.07,-1.207,0.183,16.272007199999994,11.745639,12.4904844,94.75579404,0.62452422,-60.68198178
4.61,461,0.083,-1.171,0.234,18.8503182,7.7922288,15.756345000000001,94.95059976,0.4583664000000001,-60.6189564
4.62,462,0.044,-1.092,0.276,19.938938399999998,4.010706000000001,16.7876694,95.15113506,0.28647900000000004,-60.59030849999999
4.63,463,-0.013,-1.037,0.304,17.303331600000003,5.72958,15.527161800000002,95.37458868,0.12032118,-60.54447186
4.64,464,-0.058,-1.017,0.272,11.45916,14.0947668,12.9488508,95.48918028,-0.01718874,-60.4184211
4.6499999999999995,465,-0.068,-1.058,0.165,4.0680017999999984,26.2414764,9.740286,95.52928733999998,-0.14323950000000002,-60.16631957999999
4.66,466,-0.039,-1.128,-0.002,-3.2085648,36.6120162,7.0473834,95.48918028,-0.25783110000000004,-59.81681519999999
4.67,467,-0.003,-1.1909999999999998,-0.1,2.8074942000000003,37.2995658,8.078707799999998,95.51209860000002,-0.38388186,-59.45585166000001
4.68,468,0.043,-1.265,-0.073,15.3552744,34.0337052,15.2406828,95.64387894,-0.5729580000000001,-59.13499518
4.6899999999999995,469,0.121,-1.301,-0.106,15.5844576,40.164355799999996,22.7464326,95.79284802,-0.8422482600000001,-58.76257248
4.7,470,0.182,-1.301,-0.14300000000000002,14.896907999999998,46.065823200000004,28.304125199999998,95.93035794,-1.18029348,-58.33858356
4.71,471,0.194,-1.3019999999999998,-0.17,13.2353298,49.2170922,33.74722620000001,96.05067912,-1.5813640800000002,-57.89167632
4.72,472,0.17800000000000002,-1.278,-0.173,9.1100322,48.2430636,39.0757356,96.11943408,-2.02827132,-57.46195782
4.7299999999999995,473,0.113,-1.211,-0.18,8.307891,42.5707794,41.7113424,96.15954114000002,-2.48663772,-57.08953512000001
4.74,474,0.01,-1.12,-0.185,7.333862400000001,47.0398518,38.0444112,96.20537778,-2.9220858,-56.66554620000001
4.75,475,-0.122,-1.054,-0.192,4.1825934,65.66098679999999,30.8251404,96.21110736,-3.31742682,-56.05821072
4.76,476,-0.2,-1.04,-0.212,-1.8334656000000005,91.959759,22.2880662,96.12516366,-3.66120162,-55.1758554
4.77,477,-0.248,-1.068,-0.203,-8.8235532,102.3302988,16.4438946,95.95327626,-3.9534102,-54.19036764
4.78,478,-0.209,-1.122,-0.171,-14.2093584,100.6687206,13.521808800000002,95.70690432,-4.22843004,-53.22206862
4.79,479,-0.109,-1.17,-0.153,-13.521808800000002,97.689339,12.4904844,95.48345069999999,-4.4690724,-52.27095833999999
4.8,480,0.005,-1.203,-0.128,-7.906820400000001,94.9391406,12.032117999999999,95.31729288,-4.703985179999999,-51.34849596
4.81,481,0.091,-1.212,-0.103,-5.042030400000002,88.2928278,10.886202,95.18551254,-4.91597964,-50.48905896
4.82,482,0.145,-1.16,-0.063,-3.3231564,79.1254998,8.8235532,95.07092094,-5.0993262,-49.72129524
4.83,483,0.155,-1.074,-0.024,-1.3178034,70.7030172,5.3858052,94.9677885,-5.19672906,-49.02228648
4.84,484,0.147,-1.019,0.012,0.6302538000000001,66.0620574,-0.5156622000000001,94.90476312,-5.2654840200000015,-48.36911436000001
4.85,485,0.139,-0.986,0.049,-0.5156622000000001,67.5517482,-6.4744254,94.83027858,-5.2712136,-47.698753499999995
4.86,486,0.104,-0.956,0.057,-2.9793816000000004,70.24465079999999,-9.3392154,94.72714614,-5.25975444,-46.99974474
4.87,487,0.047,-0.937,0.07,-5.042030400000002,71.90622900000002,-11.229976800000001,94.5953658,-5.22537696,-46.27781766
4.88,488,0.009000000000000001,-0.916,0.062,-6.9327918,75.17208959999998,-10.3705398,94.44639672,-5.19099948,-45.52724268
4.89,489,-0.017,-0.911,0.054000000000000006,-7.0473834,79.46927459999998,-8.021412000000002,94.29169806,-5.19099948,-44.74229022
4.8999999999999995,490,-0.052000000000000005,-0.898,0.038,-7.6776372,83.8810512,-5.1566220000000005,94.12554024,-5.22537696,-43.90577154
4.91,491,-0.036000000000000004,-0.8690000000000001,0.024,-8.479778399999999,87.37609499999998,-2.1772404,93.94792326,-5.28840234,-43.04633454
4.92,492,0.004,-0.856,0.004,-9.2819196,90.3554766,0.8594370000000001,93.75884712,-5.385805199999999,-42.15252006
4.93,493,0.03,-0.856,-0.019,-9.167328,90.813843,2.578311,93.55831182,-5.47747848,-41.25870558
4.9399999999999995,494,0.057,-0.8759999999999999,-0.029,-8.8235532,89.7825186,2.7501984,93.36923568,-5.5863405,-40.37062068
4.95,495,0.058,-0.872,-0.034,-9.3392154,87.83446140000002,3.380452200000001,93.18015954,-5.6952025200000005,-39.5054541
4.96,496,0.062,-0.888,-0.029,-8.7662574,85.084263,2.9220857999999996,92.99108340000001,-5.79260538,-38.66320584
4.97,497,0.058,-0.89,-0.026,-8.7089616,82.8497268,2.9793816000000004,92.80773684,-5.88427866,-37.84387589999999
4.9799999999999995,498,0.048,-0.889,-0.006999999999999999,-8.7089616,80.44330319999997,3.6096354,92.6186607,-5.96449278,-37.04746428
4.99,499,0.029,-0.8959999999999999,0.004,-8.7662574,78.49524600000002,4.5263682,92.44104372,-6.067625219999999,-36.27397098
5.0,500,0.017,-0.901,0.02,-7.6776372,77.8649922,5.2712136,92.26915632,-6.17075766,-35.50620726000001
5.01,501,0.026,-0.917,0.022,-6.130650599999999,78.60983759999998,5.443101,92.10872808,-6.2796196800000015,-34.72698438
5.02,502,0.028,-0.915,0.027000000000000003,-4.8701430000000006,79.4119788,5.6722842,91.96548857999998,-6.382752120000001,-33.94203192
5.03,503,0.031,-0.909,0.048,-2.4064236,79.81304940000003,6.130650599999999,91.83943782,-6.474425399999999,-33.15134988
5.04,504,0.043,-0.894,0.078,0.1718874,80.44330319999997,7.2765666,91.74203496,-6.5947465800000025,-32.35493826
5.05,505,0.054000000000000006,-0.882,0.12,2.8074942000000003,80.61519059999998,8.59437,91.66755042,-6.72652692,-31.55279706
5.06,506,0.076,-0.885,0.157,4.6409598,79.5838662,9.5111028,91.61025462,-6.86403684,-30.7678446
5.07,507,0.099,-0.897,0.153,4.6409598,78.2660628,9.8548776,91.55295882,-7.001546759999999,-29.98862172
5.08,508,0.133,-0.927,0.131,4.1825934,77.92228800000002,9.9121734,91.5013926,-7.11040878,-29.21512842000001
5.09,509,0.152,-0.955,0.08,2.5210152000000003,77.52121740000003,10.255948199999999,91.42117848,-7.25364828,-28.4473647
5.1,510,0.155,-0.972,0.042,1.2032118,75.2293854,10.8289062,91.3295052,-7.39688778,-27.7025193
5.11,511,0.147,-0.973,0.035,1.7188740000000002,71.9635248,11.3445684,91.2435615,-7.545856859999999,-26.9863218
5.12,512,0.131,-0.988,0.043,5.042030400000002,70.24465079999999,11.45916,91.19199528,-7.6948259399999985,-26.28731304
5.13,513,0.124,-0.992,0.038,6.6463128000000005,71.21867940000001,10.6570188,91.1576178,-7.79795838,-25.57684512
5.14,514,0.115,-0.991,0.039,8.9954406,73.28132819999998,9.797581800000001,91.13469948,-7.929738719999999,-24.84918846
5.1499999999999995,515,0.07200000000000001,-1.006,0.015,10.313244,73.2240324,10.1986524,91.1289699,-8.067248639999999,-24.1215318
5.16,516,0.026,-1.015,0.0,11.745639,71.33327100000002,12.834259199999998,91.14042906,-8.22767688,-23.41106388
5.17,517,-0.024,-1.019,-0.004,13.8655836,68.8695516,16.157415599999997,91.17480654,-8.41675302,-22.72351428
5.18,518,-0.063,-1.01,0.017,17.589810600000003,66.749607,19.3659804,91.2435615,-8.634477059999998,-22.058883
5.1899999999999995,519,-0.079,-1.001,0.07,22.1161788,65.4890994,21.5432208,91.36388268,-8.87511942,-21.40571088
5.2,520,-0.065,-1.019,0.13,24.350715,64.17129600000001,22.459953600000002,91.5013926,-9.13295052,-20.7697275
5.21,521,-0.02,-1.061,0.141,20.340009,60.67625219999999,22.9756158,91.60452504,-9.39078162,-20.168121600000006
5.22,522,0.018000000000000002,-1.112,0.006999999999999999,12.7769634,49.7327544,22.0015872,91.6446321,-9.63715356,-19.67537772
5.2299999999999995,523,0.06,-1.221,-0.136,7.3911582,40.164355799999996,15.0114996,91.62744336,-9.78039306,-19.27430712
5.24,524,0.079,-1.324,-0.189,2.578311,41.252976,0.057295800000000015,91.57587714,-9.80331138,-18.86177736
5.25,525,0.068,-1.317,-0.155,6.703608600000001,52.712136,-15.813640800000002,91.54722924,-9.67153104,-18.32892642
5.26,526,0.069,-1.226,-0.062,19.0795014,66.80690279999999,-25.6685184,91.6159842,-9.453807,-17.647106400000006
5.27,527,0.106,-1.094,0.017,30.080295,71.8489332,-26.4706596,91.79360118,-9.23035338,-16.919449739999994
5.28,528,0.138,-0.975,0.016,31.054323600000004,64.457775,-21.6578124,91.9884069,-9.01835892,-16.26054804
5.29,529,0.108,-0.907,-0.037000000000000005,27.215505,49.90464179999999,-17.7044022,92.18321262,-8.86938984,-15.75061542
5.3,530,0.033,-0.887,-0.121,18.449247600000003,37.41415739999999,-16.7876694,92.3035338,-8.72615034,-15.36673356
5.31,531,-0.017,-0.93,-0.19,5.042030400000002,35.809875,-17.9335854,92.29780422000002,-8.57145168,-15.000040439999998
5.32,532,-0.004,-1.0490000000000002,-0.229,-9.797581800000001,47.8992888,-19.5378678,92.12018724,-8.41102344,-14.518755719999998
5.33,533,0.016,-1.168,-0.225,-13.2353298,61.6502808,-21.027558600000006,91.86235614,-8.22767688,-13.89996108
5.34,534,0.006999999999999999,-1.239,-0.189,-7.7922288,73.51051140000001,-21.2567418,91.66755042,-8.05578948,-13.160845260000002
5.35,535,-0.037000000000000005,-1.241,-0.158,-0.9167328,83.3080932,-19.480572,91.5300405,-7.91254998,-12.32432658
5.36,536,-0.097,-1.196,-0.103,6.8182002000000015,92.7619002,-15.6990492,91.46128554,-7.80368796,-11.39040504
5.37,537,-0.151,-1.142,-0.039,10.1986524,102.0438198,-11.0007936,91.40971932,-7.746392160000001,-10.3705398
5.38,538,-0.183,-1.094,0.014,10.9434978,112.5289512,-6.760904399999999,91.35242352,-7.74066258,-9.24754212
5.39,539,-0.192,-1.0590000000000002,0.038,10.313244,123.70163219999999,-3.2658606,91.27793898,-7.76931048,-8.00995284
5.3999999999999995,540,-0.189,-1.021,0.037000000000000005,9.0527364,137.16614520000002,-1.145916,91.16334738,-7.820876699999999,-6.640583220000001
5.41,541,-0.17600000000000002,-0.99,0.051,8.8235532,147.47938919999999,-1.2032118,91.03156704,-7.878172500000002,-5.17381074
5.42,542,-0.175,-0.975,0.053,8.307891,156.8186046,-2.0626488000000003,90.88259796,-7.92400914,-3.60390582
5.43,543,-0.165,-0.996,0.067,6.589017,163.9805796,-2.1772404,90.70498098,-7.96984578,-1.97097552
5.4399999999999995,544,-0.133,-1.041,0.09,3.724227,169.76745540000005,-0.7448454000000001,90.48152736,-8.02714158,-0.27501984
5.45,545,-0.101,-1.078,0.087,1.0886202,174.58030259999995,1.4896908000000002,90.22942584,-8.10162612,1.4610428999999998
5.46,546,-0.08199999999999999,-1.091,0.084,0.3437748,179.622333,3.724227,89.95440599999998,-8.18756982,3.25440144
5.47,547,-0.07200000000000001,-1.078,0.08900000000000001,-0.2291832000000001,185.1800256,6.3598338,89.66219742,-8.29643184,5.10505578
5.4799999999999995,548,-0.064,-1.046,0.092,0.9167328,191.3106762,9.453807000000001,89.36998884,-8.422482599999999,7.01300592
5.49,549,-0.028,-1.02,0.1,2.578311,194.232762,11.45916,89.08350984,-8.565722099999999,8.95533354
5.5,550,0.009000000000000001,-0.999,0.103,1.9480572,196.0662276,13.178034,88.78557168,-8.714691179999999,10.92057948
5.51,551,0.08199999999999999,-0.98,0.103,2.1772404,197.097552,13.8655836,88.47617436,-8.857930679999997,12.89728458
5.52,552,0.114,-0.97,0.095,2.0626488000000003,196.524594,13.8082878,88.16677704,-8.98971102,14.862530519999998
5.53,553,0.142,-0.967,0.079,2.0626488000000003,195.2640864,13.8082878,87.85737972,-9.098573040000002,16.82204688
5.54,554,0.155,-0.956,0.071,1.4896908000000002,191.7690426,13.980175199999998,87.54225282,-9.21316464,18.74718576
5.55,555,0.147,-0.977,0.087,2.291832,187.1280828,14.9542038,87.23858508000002,-9.32775624,20.63221758
5.56,556,0.14400000000000002,-0.98,0.07200000000000001,-0.3437748,180.3671784,16.2147114,86.91199902000002,-9.44807742,22.44276486
5.57,557,0.133,-0.982,0.058,-2.2345362,174.12193620000005,16.7876694,86.57968338,-9.56266902,24.19601634
5.58,558,0.119,-0.987,0.046,-3.151269,168.3923562,16.558486199999994,86.24736774,-9.6543423,25.891972020000004
5.59,559,0.111,-0.996,0.033,-4.0680017999999984,163.1784384,16.157415599999997,85.90932252,-9.746015580000002,27.53636148
5.6,560,0.104,-0.993,0.03,-4.6409598,157.73533740000005,15.469866,85.56554772,-9.83195928,29.129184719999994
5.61,561,0.1,-0.978,0.045,-4.1825934,152.63601119999996,14.667724800000002,85.23896166,-9.89498466,30.67044174
5.62,562,0.095,-0.971,0.045,-3.9534102,147.07831860000005,13.980175199999998,84.92383476,-9.95228046,32.15440296
5.63,563,0.08199999999999999,-0.958,0.047,-4.010706000000001,141.3487386,12.318597,84.62589659999998,-9.963739620000002,33.58106838
5.64,564,0.057,-0.938,0.068,-2.2345362,136.364004,9.453807000000001,84.35087675999998,-9.963739620000002,34.950438
5.6499999999999995,565,0.04,-0.923,0.092,-0.1718874,134.4732426,6.6463128000000005,84.09304566,-9.93509172,36.30834846
5.66,566,0.041,-0.935,0.11,1.3178034,132.926256,5.2139178,83.86386246,-9.883525500000001,37.6433406
5.67,567,0.06,-0.964,0.091,0.286479,129.3739164,6.1879464,83.62322009999998,-9.84341844,38.94395526
5.68,568,0.071,-0.963,0.052000000000000005,-0.572958,122.26923719999999,8.9954406,83.40549606,-9.80331138,40.17008538
5.6899999999999995,569,0.096,-0.977,0.043,2.6356068,112.3570638,11.1153852,83.2221495,-9.81477054,41.30454222
5.7,570,0.133,-0.968,0.054000000000000006,5.6722842,103.8199896,12.4904844,83.09036916,-9.84341844,42.35878494
5.71,571,0.134,-0.953,0.047,8.651665800000002,97.975818,12.605076,82.99296629999998,-9.87779592,43.35573186000001
5.72,572,0.101,-0.956,0.037000000000000005,11.2872726,90.1262934,10.6570188,82.94140008000002,-9.89498466,44.26673508
5.7299999999999995,573,0.054000000000000006,-0.957,0.063,14.667724800000002,83.25079740000002,7.6776372,82.95285924,-9.86633676,45.10898334
5.74,574,-0.004,-0.956,0.118,18.7930224,79.6984578,3.724227,82.99869588,-9.8262297,45.91112454
5.75,575,-0.055,-0.951,0.158,21.3140376,80.5578948,-1.0886202,83.06745083999998,-9.740286,46.71326574
5.76,576,-0.093,-0.94,0.187,22.6891368,83.53727640000002,-7.1046792000000005,83.14766496,-9.59131692,47.54405484
5.77,577,-0.125,-0.93,0.218,23.5485738,86.91772859999998,-13.178034,83.23360865999999,-9.37932246,48.39776225999999
5.78,578,-0.122,-0.943,0.23,22.5745452,91.2149136,-18.449247600000003,83.3367411,-9.1100322,49.28584716
5.79,579,-0.094,-0.959,0.2,18.7357266,96.4861272,-21.772404,83.36538900000002,-8.81209404,50.22549828
5.8,580,-0.041,-1.006,0.127,11.1153852,105.8826384,-22.5172494,83.31382278,-8.49696714,51.25682267999999
5.81,581,0.054000000000000006,-1.112,-0.029,-0.9740286,118.60230599999998,-20.798375399999998,83.11901706,-8.18184024,52.41419784
5.82,582,0.185,-1.248,-0.16,-5.958763200000001,131.9522274,-16.501190400000002,82.85545637999998,-7.90109082,53.70335334
5.83,583,0.287,-1.3969999999999998,-0.14,0.057295800000000015,137.45262419999997,-9.453807000000001,82.66065066,-7.65471888,55.05553422000001
5.84,584,0.31,-1.452,-0.09,7.1046792000000005,133.6711014,-2.0626488000000003,82.54032948,-7.500020219999999,56.3790672
5.85,585,0.196,-1.359,-0.078,10.8289062,131.207382,1.6042823999999998,82.46011536,-7.37969904,57.68541144
5.86,586,0.01,-1.195,-0.071,13.8082878,137.16614520000002,0.8594370000000001,82.40854913999998,-7.2479187,59.0433219
5.87,587,-0.155,-1.063,-0.07200000000000001,15.756345000000001,149.8858128,-1.0313244,82.3627125,-7.08176088,60.53301269999999
5.88,588,-0.16699999999999998,-0.981,-0.063,12.318597,166.2724116,-0.057295800000000015,82.27103922,-6.90987348,62.17740216
5.89,589,-0.109,-0.924,-0.07200000000000001,6.2452422,169.65286379999995,4.297185,82.11061098,-6.76663398,63.86762826
5.8999999999999995,590,-0.039,-0.925,-0.127,-0.572958,166.6734822,10.3705398,81.88715736,-6.686419860000001,65.52920646
5.91,591,0.06,-0.987,-0.181,-6.8182002000000015,159.45421140000005,14.9542038,81.61213752,-6.65204238,67.1220297
5.92,592,0.18,-1.07,-0.194,-11.745639,145.93240260000005,17.131444199999994,81.30274019999997,-6.6463128,68.58880218
5.93,593,0.269,-1.146,-0.173,-13.2926256,129.3739164,15.813640800000002,80.99907246000002,-6.617664899999999,69.88368726
5.9399999999999995,594,0.28,-1.171,-0.14400000000000002,-12.0894138,114.878079,11.2872726,80.7297822,-6.57755784,71.03533284
5.95,595,0.203,-1.11,-0.122,-10.1986524,104.9086098,4.6409598,80.49486942,-6.48588456,72.07811640000001
5.96,596,0.121,-1.034,-0.107,-7.2765666,98.4341844,-0.9740286,80.3000637,-6.34264506,73.04068584
5.97,597,0.058,-0.966,-0.079,-4.583664,98.548776,-4.3544808,80.13390588000001,-6.1592985,74.00325528
5.9799999999999995,598,0.018000000000000002,-0.928,-0.062,-4.3544808,102.273003,-7.2192707999999985,79.97920722,-5.930115299999999,74.99447262
5.99,599,-0.003,-0.907,-0.041,-5.3858052,107.2004418,-9.3392154,79.80731982,-5.683743359999999,76.03152659999998
6.0,600,-0.005,-0.908,-0.021,-5.958763200000001,111.6695142,-11.4018642,79.62397326,-5.40299394,77.10868764
6.01,601,0.003,-0.927,-0.011,-5.443101,115.3937412,-12.6623718,79.45208586,-5.10505578,78.22022616
6.02,602,0.027000000000000003,-0.959,-0.004,-4.7555514,117.8001648,-13.2926256,79.29165762,-4.78992888,79.34895342
6.03,603,0.075,-0.986,-0.008,-2.86479,119.00337659999998,-12.605076,79.16560686,-4.46334282,80.48341026
6.04,604,0.103,-0.972,0.004,-0.9740286,119.00337659999998,-11.8602306,79.05674484,-4.15967508,81.62932626
6.05,605,0.122,-0.936,0.006999999999999999,-0.8021411999999999,117.97205220000001,-10.4278356,78.95361240000003,-3.8674665,82.76378309999998
6.06,606,0.13699999999999998,-0.901,0.01,-0.8021411999999999,117.6282774,-8.7089616,78.85620954,-3.59244666,83.89251035999997
6.07,607,0.146,-0.883,0.019,-2.0626488000000003,116.94072779999999,-7.0473834,78.74734751999998,-3.32888598,85.02123762
6.08,608,0.15,-0.872,0.025,-3.8388186,114.4197126,-5.6149884000000005,78.64994466,-3.05959572,86.12131698
6.09,609,0.15,-0.873,0.019,-5.3858052,111.3830352,-4.3544808,78.52962348,-2.83041252,87.19847802
6.1,610,0.14800000000000002,-0.888,0.022,-6.016058999999999,109.3203864,-3.2658606,78.39784313999998,-2.61268848,88.25845032
6.11,611,0.14400000000000002,-0.92,0.01,-7.6203414,107.9452872,-2.3491278,78.26033322,-2.4064236,89.30696345999998
6.12,612,0.153,-0.95,0.008,-9.453807000000001,106.570188,-1.5469866,78.11136413999998,-2.20015872,90.33828786
6.13,613,0.16,-0.967,0.0,-10.0840608,105.25238459999998,-0.8021411999999999,77.97385421999998,-1.98816426,91.3581531
6.14,614,0.162,-0.976,-0.002,-8.9954406,104.1064686,0.0,77.83634430000002,-1.79908812,92.36655918
6.15,615,0.157,-0.983,-0.001,-8.193299399999999,102.9605526,1.3750992,77.71029354,-1.6272007199999998,93.36923568
6.16,616,0.163,-0.988,-0.001,-7.5057497999999985,100.3822416,2.9793816000000004,77.59570194,-1.47250206,94.34899386
6.17,617,0.16399999999999998,-0.985,-0.004,-6.417129599999999,95.970465,4.4117766,77.4925695,-1.3349921400000002,95.29437456
6.18,618,0.166,-0.979,0.008,-4.2398892,91.3295052,5.2139178,77.44100327999998,-1.19175264,96.18245946
6.1899999999999995,619,0.18,-0.974,0.03,-1.3178034,87.1469118,5.1566220000000005,77.40089622,-1.07716104,97.04189646
6.2,620,0.191,-0.972,0.049,0.057295800000000015,82.62054359999998,4.583664,77.3779779,-0.96256944,97.85549682
6.21,621,0.203,-0.964,0.064,0.11459160000000004,79.354683,4.1252976000000015,77.35505958,-0.8537074199999999,98.6347197
6.22,622,0.214,-0.961,0.079,0.0,76.20341400000002,4.4690724,77.33214126,-0.75057498,99.3795651
6.2299999999999995,623,0.221,-0.953,0.077,-0.6875496,73.79699040000001,5.5576926,77.34933000000002,-0.6302538000000001,100.10149218
6.24,624,0.23,-0.948,0.06,-1.432395,72.0208206,6.990087599999999,77.3206821,-0.56149884,100.8119601
6.25,625,0.23,-0.943,0.027000000000000003,-2.3491278,69.6716928,8.250595200000001,77.28057504,-0.5099326200000001,101.50523928
6.26,626,0.222,-0.939,0.005,-1.8334656000000005,67.7236356,9.167328,77.24619756,-0.46982556,102.18705930000002
6.27,627,0.212,-0.938,0.0,-0.5156622000000001,65.54639519999999,9.6256944,77.22327924,-0.43544808,102.84023142
6.28,628,0.213,-0.931,0.006999999999999999,0.9167328,61.9367598,10.6570188,77.25765672,-0.37815228,103.45329648
6.29,629,0.22,-0.933,0.004,1.4896908000000002,57.52498320000001,11.2872726,77.26338630000002,-0.37815228,104.03771364000002
6.3,630,0.226,-0.941,-0.006,1.432395,53.68616460000001,11.1153852,77.26338630000002,-0.38388186,104.58202374
6.31,631,0.244,-0.963,-0.013,2.1199446,51.3943326,10.3705398,77.27484546000002,-0.38388186,105.10341552
6.32,632,0.242,-0.992,-0.041,1.0313244,47.7274014,9.3392154,77.28057504,-0.38388186,105.59042981999998
6.33,633,0.224,-1.009,-0.068,0.4010706,43.48751220000001,8.193299399999999,77.30349336,-0.32658606,106.01441874
6.34,634,0.196,-1.03,-0.068,1.6615782,39.3049188,6.760904399999999,77.31495251999998,-0.31512690000000004,106.40975976
6.35,635,0.146,-1.048,-0.061,3.2085648,34.3201842,5.7868758000000025,77.34360042,-0.30939732,106.75926414
6.36,636,0.093,-1.054,0.005,8.250595200000001,27.501984000000004,6.417129599999999,77.41808496,-0.31512690000000004,107.04001356
6.37,637,0.076,-1.05,0.06,12.6623718,22.9756158,7.6203414,77.54413572000001,-0.34950438,107.28065592
6.38,638,0.096,-1.046,0.103,16.673077799999998,19.4232762,8.4224826,77.79623724,-0.36096354,107.47546164
6.39,639,0.13,-1.05,0.124,19.2513888,15.0687954,8.3651868,77.98531338000002,-0.41252976,107.64161946
6.4,640,0.157,-1.079,0.095,18.6784308,10.7143146,6.875496000000001,78.17438952,-0.4583664000000001,107.76194064
6.41,641,0.156,-1.13,0.001,15.9282324,8.9954406,3.6669312000000014,78.33481775999998,-0.47555514,107.8593435
6.42,642,0.134,-1.186,-0.055,15.0687954,11.5737516,-1.3178034,78.48378684000002,-0.44117766,107.9739351
6.43,643,0.109,-1.229,-0.038,18.048177,17.589810600000003,-7.0473834,78.69005172,-0.32658606,108.12863376
6.4399999999999995,644,0.108,-1.236,0.033,24.4080108,22.9756158,-12.261301199999998,78.93642365999997,-0.16615782,108.32916906
6.45,645,0.132,-1.215,0.077,27.5592798,23.5485738,-13.349921400000001,79.2114435,0.0,108.53543394
6.46,646,0.175,-1.178,0.024,28.8770832,23.4339822,-12.032117999999999,79.50365208,0.16042824,108.74742840000002
6.47,647,0.201,-1.134,-0.073,31.054323600000004,22.7464326,-8.8235532,79.81304940000003,0.28074942,108.95369328
6.4799999999999995,648,0.181,-1.083,-0.119,30.65325300000001,18.5065434,-3.6669312000000014,80.13390588000001,0.38961144,109.12558068
6.49,649,0.116,-1.031,-0.094,27.3300966,13.8082878,0.2291832000000001,80.40892572,0.40680018,109.2630906
6.5,650,0.006999999999999999,-0.995,-0.118,23.7204612,10.255948199999999,1.0886202,80.64956808000002,0.41252976,109.36622304
6.51,651,-0.104,-0.978,-0.19,16.7303736,9.224623800000002,-0.572958,80.82145548,0.43544808,109.45789632
6.52,652,-0.172,-0.967,-0.208,7.9641161999999985,8.8235532,-5.443101,80.90166959999998,0.4984734599999999,109.53811044
6.53,653,-0.141,-0.983,-0.193,3.6669312000000014,11.3445684,-11.0007936,80.91312875999998,0.56722842,109.64697246
6.54,654,-0.052000000000000005,-1.023,-0.208,0.2291832000000001,13.8082878,-16.272007199999994,80.91312875999998,0.7448454000000001,109.75583448
6.55,655,0.066,-1.062,-0.232,-3.724227,12.318597,-19.1367972,80.87302170000002,0.95111028,109.84750776
6.56,656,0.16399999999999998,-1.092,-0.231,-5.0993262,10.313244,-19.480572,80.82145548,1.15164558,109.9219923
6.57,657,0.248,-1.131,-0.198,-3.6669312000000014,9.8548776,-16.501190400000002,80.78707800000002,1.32926256,109.99074726
6.58,658,0.278,-1.129,-0.162,-2.86479,9.453807000000001,-10.7716104,80.7584301,1.53552744,110.04804306
6.59,659,0.245,-1.097,-0.125,-1.7761698,8.3651868,-4.9274388,80.74124136,1.59282324,110.12252759999998
6.6,660,0.185,-1.0590000000000002,-0.104,-1.4896908000000002,8.078707799999998,1.8907613999999997,80.7297822,1.5870936600000003,110.20274172000002
6.61,661,0.129,-1.047,-0.096,-1.6042823999999998,7.2192707999999985,6.3025379999999975,80.71259346,1.53552744,110.28295584
6.62,662,0.071,-1.044,-0.06,-0.9740286,5.7868758000000025,8.7662574,80.70686388,1.45531332,110.35744038
6.63,663,0.04,-1.046,-0.032,-1.7188740000000002,6.8182002000000015,9.3965112,80.76415968,1.38082878,110.43192492
6.64,664,0.031,-1.046,-0.03,-3.2658606,7.7922288,9.0527364,80.73551178,1.30061466,110.5235982
6.65,665,0.031,-1.029,-0.035,-4.5263682,7.8495246,8.479778399999999,80.68967513999998,1.22613012,110.61527148
6.66,666,0.032,-1.0,-0.03,-4.4690724,7.9641161999999985,8.136003599999999,80.64383849999999,1.1573751600000002,110.70694475999998
6.67,667,0.02,-0.958,-0.013,-4.1825934,8.250595200000001,8.3651868,80.60373144,1.0886202,110.79861804
6.68,668,0.021,-0.913,0.004,-3.4377480000000005,9.6256944,8.8235532,80.63237934,1.01986524,110.90748005999998
6.6899999999999995,669,0.023,-0.883,0.019,-3.4377480000000005,12.2040054,9.6256944,80.59800186,0.93965112,111.0392604
6.7,670,0.012,-0.861,0.027000000000000003,-4.2398892,15.5844576,10.7716104,80.55789480000001,0.8537074199999999,111.2111478
6.71,671,0.021,-0.845,0.036000000000000004,-4.6409598,19.194093,12.0894138,80.51205816,0.76203414,111.41741268
6.72,672,0.011,-0.845,0.032,-4.7555514,20.9702628,13.2926256,80.46049194,0.6589017,111.64659588
6.7299999999999995,673,-0.005,-0.856,0.04,-4.6409598,21.829699800000004,13.9228794,80.46049194,0.55003968,111.88150866
6.74,674,-0.005,-0.85,0.05,-4.6982556,22.058883,13.6936962,80.40892572,0.44690724,112.11642144
6.75,675,-0.015,-0.8440000000000001,0.064,-4.1825934,21.1421502,12.9488508,80.36881866,0.34950438,112.34560464
6.76,676,-0.017,-0.841,0.075,-2.9220857999999996,19.2513888,11.745639,80.33444118,0.25783110000000004,112.55186952
6.77,677,-0.029,-0.843,0.069,-2.6929026,17.3606274,9.797581800000001,80.30579328,0.18907614,112.74094566
6.78,678,-0.019,-0.8240000000000001,0.047,-3.8388186,15.126091199999998,6.3598338,80.32298202,0.13750992,112.89564432
6.79,679,-0.022,-0.831,0.018000000000000002,-3.4377480000000005,13.6364004,3.0366774,80.28287496,0.12605075999999998,113.03315424
6.8,680,-0.01,-0.852,0.011,-2.8074942000000003,12.1467096,1.0886202,80.25422705999998,0.13178034,113.15347542
6.81,681,0.006999999999999999,-0.863,0.021,-1.7188740000000002,9.9121734,0.0,80.23703832,0.14896908,113.25087827999998
6.82,682,0.027000000000000003,-0.845,0.07,2.8074942000000003,8.479778399999999,-0.286479,80.26568621999998,0.16042824,113.33682198
6.83,683,0.048,-0.835,0.079,9.6256944,6.016058999999999,0.8021411999999999,80.44903278000002,0.18907614,113.38838819999998
6.84,684,0.055,-0.851,0.098,15.5844576,0.6875496,3.151269,80.60946102,0.16042824,113.39984736
6.85,685,0.054000000000000006,-0.861,0.124,17.589810600000003,-3.4377480000000005,4.9274388,80.78707800000002,0.10886202,113.37692904
6.86,686,0.044,-0.903,0.129,16.042824000000003,-7.161975,6.5317212,80.95323582,0.03437748,113.31963324
6.87,687,0.013,-0.958,0.151,13.464512999999998,-9.167328,7.6776372,81.09074574,-0.04583664,113.23941912
6.88,688,-0.03,-1.014,0.163,11.4018642,-8.8235532,8.5370742,81.34284726,-0.15469866,113.16493458
6.89,689,-0.083,-1.064,0.16899999999999998,10.4851314,-7.5057497999999985,8.8235532,81.45170928,-0.25210152,113.10763878
6.9,690,-0.151,-1.114,0.133,9.969469199999999,-7.7922288,8.7662574,81.55484172,-0.3437748,113.0446134
6.91,691,-0.194,-1.167,0.076,8.193299399999999,-9.797581800000001,9.3965112,81.63505583999998,-0.44690724,112.9586697
6.92,692,-0.181,-1.169,0.092,9.3392154,-11.5737516,9.453807000000001,81.73245870000002,-0.55576926,112.86126684
6.93,693,-0.133,-1.147,0.149,12.605076,-8.59437,7.9641161999999985,81.95591232000002,-0.6703608600000001,112.79251188
6.9399999999999995,694,-0.095,-1.112,0.16399999999999998,12.5477802,-4.6409598,5.2712136,82.08769266,-0.72765666,112.7581344
6.95,695,-0.059,-1.092,0.14300000000000002,11.229976800000001,-1.8907613999999997,2.4637194,82.20228426,-0.75057498,112.74094566
6.96,696,-0.01,-1.13,0.061,7.3911582,2.7501984,0.572958,82.2767688,-0.75630456,112.76959356
6.97,697,0.068,-1.263,-0.152,-0.8021411999999999,9.6256944,0.9740286,82.26530964,-0.75630456,112.86699642
6.9799999999999995,698,0.181,-1.429,-0.23,0.2291832000000001,10.1413566,5.6722842,82.26530964,-0.7849524600000001,112.97012886
6.99,699,0.238,-1.547,-0.163,11.917526400000002,3.2658606,16.329303,82.38563081999997,-0.9453806999999999,113.02742466
7.0,700,0.205,-1.533,-0.14400000000000002,15.2406828,-4.8128472,24.350715,82.54032948,-1.18602306,113.01023592
7.01,701,0.1,-1.408,-0.183,14.381245800000002,-14.381245800000002,26.8717302,82.68929856,-1.46677248,112.9013739
7.02,702,-0.025,-1.277,-0.22,14.0947668,-19.595163600000006,25.7258142,82.83826764,-1.73606274,112.74094566
7.03,703,-0.135,-1.118,-0.225,20.511896399999998,-15.985528200000001,19.595163600000006,83.03880294000002,-1.97097552,112.62062448
7.04,704,-0.202,-1.008,-0.129,23.14750320000001,-6.0733548,11.8029348,83.27371572000001,-2.0912967,112.57478784
7.05,705,-0.211,-0.945,-0.067,17.475219,1.4896908000000002,5.443101,83.45133270000002,-2.14286292,112.59770616
7.06,706,-0.166,-0.904,-0.121,10.1413566,15.6990492,-0.1718874,83.54873556,-2.12567418,112.7581344
7.07,707,-0.058,-0.911,-0.19,2.4637194,37.52874900000001,-3.4950437999999995,83.55446514,-2.05691922,113.11909794
7.08,708,0.038,-0.975,-0.25,-4.1252976000000015,49.2170922,-0.6875496,83.45133270000002,-1.98816426,113.60038266
7.09,709,0.085,-1.055,-0.27,-7.5630456000000015,44.8053156,5.958763200000001,83.34820026,-2.01108258,114.05301948
7.1,710,0.08199999999999999,-1.135,-0.28,-8.479778399999999,33.6899304,13.521808800000002,83.24506782,-2.11421502,114.39679428
7.11,711,0.034,-1.171,-0.259,-7.448453999999999,19.194093,19.0795014,83.15912412,-2.28610242,114.60878874
7.12,712,-0.013,-1.159,-0.212,-3.2085648,5.958763200000001,21.3140376,83.12474663999998,-2.4923673,114.68900286
7.13,713,-0.038,-1.114,-0.154,0.9740286,-3.3231564,18.907614000000002,83.12474663999998,-2.67571386,114.6775437
7.14,714,-0.04,-1.045,-0.109,2.1199446,-10.026765,13.178034,83.15339454,-2.81322378,114.59732958
7.15,715,-0.022,-0.979,-0.105,2.1772404,-14.037471,3.8388186,83.18204244,-2.86479,114.45981966
7.16,716,0.017,-0.944,-0.113,1.9480572,-14.4385416,-4.1825934,83.21069034,-2.8361421,114.31658016000002
7.17,717,0.063,-0.947,-0.102,2.0626488000000003,-11.516455800000001,-9.969469199999999,83.23933824000002,-2.7501984,114.1905294
7.18,718,0.084,-0.952,-0.069,1.9480572,-8.250595200000001,-13.2926256,83.28517488,-2.54393352,114.07020822
7.1899999999999995,719,0.09,-0.921,-0.037000000000000005,1.7188740000000002,-6.130650599999999,-13.2926256,83.3080932,-2.41788276,113.99572368
7.2,720,0.059,-0.907,-0.014,3.4377480000000005,-5.6149884000000005,-10.7143146,83.34247067999998,-2.3147503200000004,113.92696872
7.21,721,0.015,-0.892,0.003,4.6982556,-4.583664,-7.6776372,83.3940369,-2.24599536,113.87540249999999
7.22,722,-0.019,-0.883,0.014,6.016058999999999,-2.1772404,-5.0993262,83.45706228,-2.19442914,113.84675459999998
7.2299999999999995,723,-0.014,-0.843,0.021,6.3598338,1.6042823999999998,-2.9220857999999996,83.57165388,-2.1485925000000003,113.85248418
7.24,724,-0.003,-0.8320000000000001,0.015,6.4744254,5.7868758000000025,-3.2085648,83.63467926,-2.11421502,113.90977998
7.25,725,0.016,-0.821,0.009000000000000001,3.8388186,6.990087599999999,-4.9274388,83.66905674,-2.05691922,113.97280536
7.26,726,0.047,-0.812,-0.008,1.6042823999999998,6.0733548,-6.3598338,83.6805159,-1.98816426,114.03010116
7.27,727,0.06,-0.807,-0.029,-0.2291832000000001,4.297185,-7.0473834,83.6805159,-1.9194093000000003,114.06447864000002
7.28,728,0.042,-0.8,-0.043,-2.4637194,2.7501984,-6.990087599999999,83.65759758,-1.81627686,114.0759378
7.29,729,0.028,-0.807,-0.055,-4.0680017999999984,1.8907613999999997,-6.1879464,83.61749052,-1.75325148,114.08739696
7.3,730,0.006,-0.82,-0.045,-4.0680017999999984,1.0886202,-5.2712136,83.57738346,-1.6959556799999995,114.08739696
7.31,731,0.013,-0.847,-0.022,-4.297185,0.8021411999999999,-4.6982556,83.53154682,-1.65011904,114.09312654
7.32,732,0.031,-0.858,0.0,-4.7555514,0.6302538000000001,-3.9534102,83.48571018,-1.61001198,114.09312654
7.33,733,0.058,-0.88,0.016,-5.5003968,0.0,-3.4950437999999995,83.51435808,-1.4896908000000002,114.05874906
7.34,734,0.085,-0.905,0.009000000000000001,-7.161975,-0.8594370000000001,-3.2658606,83.43987354000002,-1.4610428999999998,114.0472899
7.35,735,0.104,-0.925,-0.005,-9.6256944,-2.6929026,-2.9793816000000004,83.34247067999998,-1.432395,114.018642
7.36,736,0.116,-0.956,-0.025,-10.4851314,-5.3285094000000015,-3.151269,83.23933824000002,-1.40947668,113.96134620000001
7.37,737,0.112,-0.961,-0.035,-9.3965112,-7.8495246,-3.0366774,83.14766496,-1.38655836,113.87540249999999
7.38,738,0.095,-0.946,-0.032,-6.0733548,-10.7143146,-2.7501984,83.12474663999998,-1.30061466,113.74362216
7.39,739,0.07200000000000001,-0.919,-0.029,-1.6042823999999998,-13.407217200000002,-1.8907613999999997,83.11328748,-1.29488508,113.61184182
7.4,740,0.042,-0.887,-0.003,3.8961144,-15.3552744,-0.5156622000000001,83.15912412,-1.30061466,113.45714316
7.41,741,0.023,-0.875,0.032,8.59437,-14.4385416,0.8021411999999999,83.25079740000002,-1.32353298,113.31963324
7.42,742,0.022,-0.8809999999999999,0.069,12.7769634,-11.9748222,1.5469866,83.38830732,-1.3464512999999998,113.20504164
7.43,743,0.036000000000000004,-0.905,0.113,15.469866,-11.1153852,0.9740286,83.64613842,-1.3349921400000002,113.08472046
7.4399999999999995,744,0.058,-0.932,0.173,17.7044022,-12.7196676,-0.7448454000000001,83.82948498,-1.3349921400000002,112.9586697
7.45,745,0.075,-0.978,0.202,18.621135,-16.4438946,-3.4950437999999995,84.0242907,-1.31207382,112.79824146
7.46,746,0.092,-1.047,0.187,17.8762896,-19.4232762,-6.8182002000000015,84.21336684,-1.25477802,112.59770616
7.47,747,0.099,-1.109,0.17600000000000002,15.527161800000002,-19.3659804,-9.969469199999999,84.37952466,-1.1688343199999998,112.40290043999998
7.4799999999999995,748,0.083,-1.142,0.185,14.152062599999999,-16.7876694,-11.4018642,84.58578954,-1.04278356,112.21955388
7.49,749,0.043,-1.149,0.207,14.667724800000002,-13.178034,-11.6310474,84.74048819999999,-0.93392154,112.08204396
7.5,750,-0.009000000000000001,-1.137,0.237,14.9542038,-9.3965112,-10.313244,84.89518686,-0.83651868,111.97891152
7.51,751,-0.054000000000000006,-1.123,0.261,15.870936600000002,-5.958763200000001,-8.3651868,85.0556151,-0.75630456,111.91588614
7.52,752,-0.062,-1.103,0.264,15.469866,-2.578311,-6.703608600000001,85.21604334,-0.69327918,111.88723824
7.53,753,-0.043,-1.09,0.254,14.7823164,0.8594370000000001,-5.5576926,85.49679276,-0.63598338,111.89296782
7.54,754,-0.01,-1.107,0.161,13.750992000000002,1.7188740000000002,-4.9274388,85.64003226,-0.59014674,111.91015656
7.55,755,0.001,-1.18,-0.011,5.6149884000000005,0.0,-5.958763200000001,85.69732806,-0.52712136,111.90442698
7.56,756,-0.024,-1.236,-0.095,1.9480572,-1.8334656000000005,-9.740286,85.7145168,-0.4297185000000001,111.87577908
7.57,757,-0.03,-1.28,-0.034,9.969469199999999,1.0886202,-15.527161800000002,85.81764924000002,-0.27501984,111.88150866
7.58,758,-0.029,-1.306,-0.02,16.673077799999998,5.3285094000000015,-20.3973048,85.98953664,-0.07448454,111.92161572
7.59,759,-0.003,-1.26,-0.125,17.0741484,5.042030400000002,-23.376686399999997,86.16142404,0.15469866,111.9559932
7.6,760,0.009000000000000001,-1.189,-0.267,20.05353,-3.724227,-25.55392680000001,86.36195934,0.41252976,111.90442698
7.61,761,0.015,-1.126,-0.297,21.485925,-11.917526400000002,-28.1895336,86.57968338,0.6875496,111.77264664
7.62,762,-0.022,-1.046,-0.2,14.8396122,-13.178034,-28.5906042,86.72865246,0.96829902,111.62940714
7.63,763,-0.035,-0.962,-0.257,3.7815227999999994,-11.6310474,-25.84040580000001,86.66562708000002,1.20894138,111.50335638
7.64,764,0.013,-0.957,-0.329,-2.1772404,-12.7769634,-24.2934192,86.64270875999998,1.44385416,111.36584646
7.65,765,0.077,-1.028,-0.314,-1.6042823999999998,-17.131444199999994,-23.3193906,86.61979044,1.6673077799999998,111.18249990000001
7.66,766,0.124,-1.118,-0.279,-3.151269,-18.1054728,-23.3193906,86.58541296,1.89649098,110.98769418
7.67,767,0.153,-1.188,-0.263,-7.5057497999999985,-17.3606274,-24.0069402,86.50519884,2.12567418,110.80434762
7.68,768,0.156,-1.205,-0.211,-7.5057497999999985,-14.32395,-25.1528562,86.40206640000002,2.38923486,110.6381898
7.6899999999999995,769,0.135,-1.212,-0.153,-3.4377480000000005,-10.5424272,-24.8090814,86.36195934,2.62987722,110.51786862000002
7.7,770,0.086,-1.202,-0.096,1.3178034,-7.2192707999999985,-22.1161788,86.37341849999999,2.84760126,110.43192492
7.71,771,0.04,-1.161,-0.062,5.042030400000002,-4.6409598,-15.527161800000002,86.41925513999998,3.00229992,110.38035870000002
7.72,772,0.013,-1.108,-0.048,4.9847345999999995,-3.0939732,-7.161975,86.47082136,3.07105488,110.34598122
7.7299999999999995,773,0.0,-1.064,-0.026,4.583664,-3.0939732,0.4583664000000001,86.55103548,3.00229992,110.33452206
7.74,774,-0.006,-1.022,0.0,2.7501984,-2.1199446,6.0733548,86.57968338,2.93927454,110.31733332000002
7.75,775,0.014,-0.985,-0.004,-0.6302538000000001,0.11459160000000004,8.193299399999999,86.5739538,2.85906042,110.3230629
7.76,776,0.029,-0.943,-0.016,-2.9220857999999996,1.3178034,7.7349330000000025,86.5453059,2.7788463,110.34025164
7.77,777,0.017,-0.8959999999999999,-0.01,-3.2085648,2.6356068,5.6722842,86.51092842,2.72728008,110.36889954
7.78,778,-0.016,-0.865,0.006,-1.7188740000000002,5.6149884000000005,4.5263682,86.52811716,2.6413363800000003,110.44338408000002
7.79,779,-0.057,-0.857,0.032,-1.3750992,9.3392154,6.1879464,86.51665799999998,2.5783110000000002,110.54078694
7.8,780,-0.094,-0.855,0.048,-2.0053530000000004,14.7250206,8.250595200000001,86.49946926,2.50382646,110.68975602
7.81,781,-0.107,-0.868,0.064,-3.2085648,20.5691922,9.8548776,86.47082136,2.41215318,110.90175048
7.82,782,-0.109,-0.871,0.068,-6.3598338,26.1841806,12.0894138,86.41352556000002,2.29756158,111.16531116000002
7.83,783,-0.095,-0.878,0.054000000000000006,-10.0840608,31.79916900000001,13.407217200000002,86.33904102,2.15432208,111.4976268
7.84,784,-0.075,-0.877,0.034,-12.891555,36.1536498,14.152062599999999,86.21871984,2.02254174,111.85859034
7.85,785,-0.045,-0.87,0.033,-15.3552744,39.1330314,14.8396122,86.06975076,1.8907613999999997,112.25393136
7.86,786,0.052000000000000005,-0.8390000000000001,0.026,-18.2773602,38.67466500000001,12.9488508,85.89213378,1.7761698,112.6435428
7.87,787,0.066,-0.838,0.015,-16.902261,35.236917,10.5424272,85.72597596,1.6844965200000002,112.99877676
7.88,788,0.083,-0.838,0.04,-13.5791046,29.9657034,7.3911582,85.62284352,1.64438946,113.29098534
7.89,789,0.08800000000000001,-0.8059999999999999,0.066,-18.1054728,24.8663772,6.417129599999999,85.43949696000001,1.59282324,113.54308686
7.9,790,0.076,-0.816,0.07400000000000001,-18.3919518,21.8869956,6.2452422,85.25615040000002,1.5412570200000002,113.76081090000002
7.91,791,0.049,-0.8340000000000001,0.068,-21.485925,19.2513888,4.8128472,85.03842636,1.50114996,113.94988704
7.92,792,0.026,-0.858,0.036000000000000004,-23.491278,16.902261,2.291832,84.80351358,1.48396122,114.12177444
7.93,793,0.02,-0.863,0.001,-22.9756158,14.9542038,0.11459160000000004,84.59151912,1.4896908000000002,114.26501394000002
7.94,794,0.03,-0.846,-0.022,-19.595163600000006,13.407217200000002,-1.145916,84.39098382,1.51260912,114.39679428
7.95,795,0.048,-0.825,-0.011,-13.9228794,11.8029348,-1.0313244,84.25347389999997,1.52979786,114.50565629999998
7.96,796,0.055,-0.809,0.042,-5.7868758000000025,9.1100322,-0.1718874,84.1961781,1.53552744,114.59732958
7.97,797,0.046,-0.8109999999999999,0.103,1.8334656000000005,5.6722842,0.2291832000000001,84.21336684,1.53552744,114.65462538
7.9799999999999995,798,0.021,-0.8420000000000001,0.145,7.5630456000000015,2.86479,0.7448454000000001,84.44255003999999,1.52406828,114.68900286
7.99,799,-0.012,-0.897,0.166,8.880849000000003,1.8907613999999997,1.432395,84.53422332,1.51260912,114.70619159999998
8.0,800,-0.038,-0.962,0.172,8.5370742,2.2345362,2.3491278,84.62016702,1.49542038,114.7348395
8.01,801,-0.048,-1.037,0.156,7.6776372,2.6356068,3.6669312000000014,84.70038114,1.4610428999999998,114.7634874
8.02,802,-0.041,-1.125,0.118,6.589017,1.432395,5.5576926,84.7691361,1.4037471,114.78640572
8.03,803,-0.023,-1.216,0.05,3.0366774,-2.291832,8.8235532,84.82070232,1.31207382,114.76921697999998
8.04,804,0.011,-1.267,0.006999999999999999,-0.9167328,-13.9228794,12.891555,84.80924316,1.1745638999999999,114.64316622
8.05,805,0.059,-1.207,0.08800000000000001,3.8961144,-24.8663772,13.2353298,84.84935021999998,1.0255948199999998,114.41398302
8.06,806,0.093,-1.124,0.157,14.2093584,-28.0176462,9.224623800000002,84.99258972,0.92246238,114.14469276
8.07,807,0.07200000000000001,-1.037,0.197,21.5432208,-29.1635622,3.8961144,85.21031375999998,0.86516658,113.85821375999998
8.08,808,0.015,-0.991,0.224,28.6479,-26.69984280000001,-1.3178034,85.56554772,0.86516658,113.60038266
8.09,809,-0.034,-1.057,0.155,24.8663772,-11.172681,-5.844171599999999,85.81764924000002,0.9167328000000001,113.48579106
8.1,810,-0.018000000000000002,-1.1909999999999998,-0.018000000000000002,12.834259199999998,12.4904844,-7.9641161999999985,85.94942957999999,1.0026765,113.60611224
8.11,811,0.024,-1.32,-0.123,10.3705398,27.3300966,-4.297185,86.05256202000002,1.0599723,113.87540249999999
8.12,812,-0.001,-1.379,-0.08800000000000001,27.1009134,24.064235999999998,5.958763200000001,86.32758186,1.01413566,114.12177444
8.13,813,-0.046,-1.395,-0.093,34.66395900000001,22.1161788,15.527161800000002,86.67708624000002,0.86516658,114.35668722
8.14,814,-0.068,-1.364,-0.166,30.252182399999995,24.8663772,22.91832,86.98648356,0.64744254,114.61451832
8.15,815,-0.036000000000000004,-1.291,-0.276,23.3193906,26.41336380000001,29.2781538,87.22139634,0.36096354,114.89526774
8.16,816,0.066,-1.214,-0.333,20.05353,25.4393352,35.9817624,87.42766122,0.01145916,115.16455800000001
8.17,817,0.14800000000000002,-1.125,-0.325,16.673077799999998,16.157415599999997,40.90920120000001,87.59381904,-0.38388186,115.34217498
8.18,818,0.087,-0.989,-0.3,12.2040054,3.380452200000001,40.04976420000001,87.63965568,-0.76776372,115.3937412
8.19,819,-0.049,-0.915,-0.27,9.1100322,2.2345362,31.3980984,87.73132896,-1.07716104,115.42811868
8.2,820,-0.159,-0.931,-0.239,2.1199446,15.9282324,18.048177,87.74851770000002,-1.25477802,115.58854692
8.209999999999999,821,-0.188,-1.009,-0.235,-4.3544808,30.366774000000003,8.250595200000001,87.69122189999999,-1.3349921400000002,115.89221466
8.22,822,-0.162,-1.124,-0.232,-8.136003599999999,35.52339600000001,2.5210152000000003,87.59381904,-1.3579104599999998,116.24744862
8.23,823,-0.087,-1.216,-0.191,-5.844171599999999,31.1689152,2.3491278,87.50214575999998,-1.38082878,116.55684594
8.24,824,-0.011,-1.237,-0.147,-1.5469866,23.032911600000002,5.042030400000002,87.47922744,-1.42666542,116.78602914
8.25,825,0.04,-1.197,-0.117,1.4896908000000002,13.521808800000002,7.7922288,87.48495702,-1.50114996,116.92353906
8.26,826,0.06,-1.11,-0.091,3.151269,4.010706000000001,8.9954406,87.5193345,-1.59282324,116.9693757
8.27,827,0.068,-1.042,-0.078,4.010706000000001,-5.0993262,7.5630456000000015,87.55944156000002,-1.6673077799999998,116.92353906
8.28,828,0.08199999999999999,-1.003,-0.059,4.1825934,-13.2926256,3.0366774,87.59381904,-1.61001198,116.76311082
8.29,829,0.102,-0.983,-0.014,3.6096354,-16.4438946,-2.2345362,87.63965568,-1.59282324,116.60268258
8.3,830,0.111,-0.961,0.01,3.151269,-18.2773602,-7.2192707999999985,87.67976274,-1.5183387000000002,116.41933602
8.31,831,0.1,-0.926,0.019,2.5210152000000003,-20.1108258,-10.4278356,87.71414021999998,-1.4209358399999998,116.21307114
8.32,832,0.08199999999999999,-0.898,0.021,2.578311,-22.2307704,-11.0007936,87.74851770000002,-1.31207382,115.98961752
8.33,833,0.077,-0.875,0.02,2.578311,-24.637194,-10.026765,87.79435434000001,-1.18029348,115.73178642
8.34,834,0.065,-0.847,0.025,0.6875496,-26.642547,-7.906820400000001,87.81154308,-1.10580894,115.46822574
8.35,835,0.07400000000000001,-0.861,0.014,-2.291832,-28.074942,-7.0473834,87.79435434000001,-1.03705398,115.18747632
8.36,836,0.053,-0.8909999999999999,-0.016,-4.8701430000000006,-29.7365202,-7.448453999999999,87.75424728,-0.96829902,114.88953816
8.37,837,0.064,-0.893,-0.022,-7.448453999999999,-31.4553942,-8.193299399999999,87.68549232000002,-0.8880849000000001,114.57441126
8.38,838,0.059,-0.901,-0.024,-7.2192707999999985,-32.830493399999995,-8.307891,87.62246694,-0.7849524600000001,114.23636603999998
8.39,839,0.067,-0.895,-0.018000000000000002,-7.5630456000000015,-33.9191136,-8.5370742,87.55371198,-0.7104679199999999,113.89832082
8.4,840,0.04,-0.8740000000000001,-0.012,-8.078707799999998,-35.809875,-8.193299399999999,87.47922744,-0.6302538000000001,113.53735728
8.41,841,0.011,-0.852,-0.011,-8.5370742,-36.898495200000006,-7.7349330000000025,87.39901332,-0.56149884,113.17066416
8.42,842,-0.033,-0.8440000000000001,-0.013,-8.4224826,-36.4401288,-6.990087599999999,87.32452878000002,-0.4984734599999999,112.80397104
8.43,843,-0.061,-0.838,0.0,-6.6463128000000005,-33.002380800000005,-6.589017,87.27296256,-0.4583664000000001,112.48311456000002
8.44,844,-0.067,-0.8390000000000001,0.019,-5.5003968,-28.074942,-6.417129599999999,87.22139634,-0.4010706000000001,112.19663556
8.45,845,-0.052000000000000005,-0.8590000000000001,0.036000000000000004,-3.4950437999999995,-24.2361234,-6.2452422,87.18701886,-0.3437748,111.9559932
8.459999999999999,846,-0.042,-0.8640000000000001,0.054000000000000006,-2.291832,-20.798375399999998,-5.6149884000000005,87.16983012,-0.29220857999999994,111.74972832
8.47,847,-0.032,-0.878,0.046,-1.145916,-17.5325148,-5.1566220000000005,87.16410053999998,-0.24064236,111.57211134
8.48,848,-0.029,-0.887,0.032,0.0,-13.407217200000002,-4.583664,87.19274844,-0.21772404,111.440331
8.49,849,-0.037000000000000005,-0.883,0.027000000000000003,2.6356068,-10.026765,-3.4950437999999995,87.22139634,-0.18334656,111.34292814
8.5,850,-0.049,-0.861,0.065,7.1046792000000005,-7.161975,-1.9480572,87.29588088,-0.16615782,111.2684436
8.51,851,-0.04,-0.845,0.112,12.3758928,-5.72958,-0.572958,87.42193164,-0.16042824,111.21687738
8.52,852,-0.034,-0.843,0.153,15.2979786,-5.3858052,-0.572958,87.58235988,-0.14896908,111.15958158
8.53,853,-0.001,-0.8640000000000001,0.175,14.896907999999998,-4.7555514,-1.8334656000000005,87.83446140000002,-0.12032118,111.11374494
8.54,854,0.039,-0.898,0.196,14.0947668,-4.1825934,-3.724227,87.9777009,-0.0859437,111.07363788
8.55,855,0.08,-0.942,0.211,13.2926256,-4.010706000000001,-6.016058999999999,88.11521081999999,-0.02291832,111.03353082
8.56,856,0.105,-0.991,0.195,11.1153852,-4.1825934,-7.9641161999999985,88.22980242,0.05156622,110.98769418
8.57,857,0.111,-1.047,0.149,5.9014674000000005,-4.1252976000000015,-9.797581800000001,88.28709822,0.14896908,110.94758712
8.58,858,0.112,-1.102,0.106,-0.7448454000000001,-1.0313244,-11.917526400000002,88.33866443999996,0.32085648,110.91320964000002
8.59,859,0.086,-1.123,0.123,-3.151269,4.5263682,-13.521808800000002,88.30428696,0.4583664000000001,110.95904628
8.6,860,0.028,-1.118,0.16899999999999998,-1.145916,5.844171599999999,-12.6623718,88.2928278,0.5844171599999999,111.0106125
8.61,861,-0.026,-1.098,0.161,-0.6875496,6.5317212,-10.0840608,88.28709822,0.68182002,111.07363788
8.62,862,-0.055,-1.05,0.127,0.9167328,12.261301199999998,-6.9327918,88.2928278,0.75057498,111.19395906
8.63,863,-0.057,-0.995,0.125,8.307891,18.6784308,-3.5523396000000003,88.43606729999998,0.76203414,111.38876478
8.64,864,-0.038,-0.962,0.168,16.902261,20.05353,-1.2032118,88.60795470000002,0.7792228800000001,111.58930008
8.65,865,0.004,-0.947,0.213,23.4339822,17.0168526,0.9167328,88.84859706,0.76776372,111.76118748000002
8.66,866,0.078,-0.94,0.217,26.9863218,10.886202,3.724227,89.12361690000002,0.73338624,111.87004949999998
8.67,867,0.153,-0.946,0.165,29.2781538,-0.11459160000000004,6.3025379999999975,89.42155505999996,0.6703608600000001,111.87577908
8.68,868,0.199,-0.97,0.112,27.903054600000004,-16.558486199999994,6.9327918,89.73095237999998,0.6589017,111.69816210000002
8.69,869,0.168,-1.022,0.081,26.41336380000001,-32.085648000000006,5.6722842,90.00024264,0.61306506,111.38303520000002
8.7,870,0.08900000000000001,-1.075,0.006,26.1268848,-45.3782736,1.3178034,90.26380332,0.61306506,110.93612796
8.71,871,0.006,-1.153,-0.022,28.361421000000004,-48.1857678,-7.1046792000000005,90.5560119,0.70473834,110.4663024
8.72,872,-0.099,-1.254,-0.093,24.8663772,-44.8053156,-17.3606274,90.80811342,0.89381448,110.02512474
8.73,873,-0.24,-1.35,-0.14,12.9488508,-42.5707794,-28.1895336,90.92270502,1.18029348,109.61832456000002
8.74,874,-0.298,-1.443,-0.268,-5.6722842,-30.7105488,-40.10706,90.86540922,1.5870936600000003,109.3203864
8.75,875,-0.243,-1.476,-0.395,-20.6837838,-11.9748222,-49.560867,90.64768518,2.08556712,109.21152438
8.76,876,-0.122,-1.432,-0.4370000000000001,-13.464512999999998,1.145916,-48.5868384,90.51017526,2.56685184,109.22298354
8.77,877,0.051,-1.325,-0.421,-0.11459160000000004,-0.9167328,-36.03905820000001,90.51017526,2.9220858,109.22298354
8.78,878,0.237,-1.233,-0.377,5.2712136,-11.917526400000002,-19.8243468,90.51017526,3.15699858,109.0912032
8.79,879,0.343,-1.182,-0.294,6.3025379999999975,-20.626488,-6.2452422,90.56747106,3.2257535399999995,108.8906679
8.8,880,0.35200000000000004,-1.131,-0.199,8.651665800000002,-24.1788276,2.5210152000000003,90.6419556,3.214294380000001,108.65002554
8.81,881,0.279,-1.071,-0.083,12.834259199999998,-25.210152,6.016058999999999,90.76227678,3.1627281600000003,108.39792402
8.82,882,0.166,-1.032,0.025,16.4438946,-22.5172494,5.6722842,90.92270502,3.11689152,108.18019998
8.83,883,0.064,-1.046,0.055,16.615782,-15.0687954,3.2658606,91.08886284,3.0825140400000004,108.0312309
8.84,884,-0.01,-1.075,0.032,12.7196676,-7.2765666,0.6302538000000001,91.2149136,3.0825140400000004,107.96247594
8.85,885,-0.06,-1.07,0.039,11.229976800000001,-2.8074942000000003,-0.5156622000000001,91.3295052,3.08824362,107.93382804
8.86,886,-0.08199999999999999,-1.052,0.063,11.4018642,2.578311,0.057295800000000015,91.4440968,3.08824362,107.96247594
8.87,887,-0.062,-1.027,0.075,10.4851314,8.9954406,2.2345362,91.55295882,3.05959572,108.05414922
8.88,888,-0.044,-0.982,0.076,7.6776372,14.266654199999998,4.4117766,91.65036168,2.96792244,108.20884787999998
8.89,889,0.0,-0.941,0.067,5.3285094000000015,17.246035799999998,6.589017,91.70765748,2.8934379,108.3750057
8.9,890,0.021,-0.895,0.077,2.86479,18.5638392,8.9954406,91.74776454000002,2.79030546,108.55835226
8.91,891,0.015,-0.863,0.077,-2.0626488000000003,19.9962342,11.3445684,91.7305758,2.6699842800000004,108.75315798
8.92,892,-0.013,-0.847,0.056,-8.078707799999998,21.9442914,12.605076,91.65609126,2.52674478,108.96515244
8.93,893,-0.043,-0.843,0.029,-13.2353298,23.032911600000002,12.605076,91.52431092,2.37204612,109.19433564
8.94,894,-0.06,-0.845,0.006999999999999999,-17.4179232,24.5798982,11.0580894,91.35242352,2.24599536,109.42924842
8.95,895,-0.06,-0.845,-0.006,-18.7357266,27.6165756,9.224623800000002,91.16907696,2.13713334,109.69853868
8.96,896,-0.042,-0.853,-0.012,-18.3919518,29.7365202,7.7349330000000025,90.99145998,2.04546006,109.99074726
8.97,897,0.001,-0.847,-0.016,-17.761698000000006,28.8770832,6.016058999999999,90.813843,1.97097552,110.27149668
8.98,898,0.042,-0.82,-0.005,-16.959556799999998,26.0122932,4.583664,90.6419556,1.92513888,110.5235982
8.99,899,0.069,-0.816,0.011,-14.667724800000002,20.8556712,3.9534102,90.4987161,1.87357266,110.72986308
9.0,900,0.102,-0.8320000000000001,0.031,-12.261301199999998,16.157415599999997,4.0680017999999984,90.37266534,1.82773602,110.88456174
9.01,901,0.114,-0.8490000000000001,0.052000000000000005,-11.0007936,12.3758928,4.010706000000001,90.26380332,1.78189938,111.0106125
9.02,902,0.106,-0.863,0.066,-10.3705398,8.4224826,3.724227,90.16067088,1.74179232,111.09082662
9.03,903,0.096,-0.872,0.075,-9.8548776,3.6669312000000014,2.9793816000000004,90.0976455,1.75325148,111.11374494
9.04,904,0.07200000000000001,-0.888,0.073,-9.224623800000002,-1.3178034,2.3491278,90.00597222,1.73033316,111.0965562
9.05,905,0.042,-0.91,0.075,-8.021412000000002,-5.1566220000000005,1.145916,89.92002852,1.7188740000000002,111.04498998
9.06,906,0.017,-0.926,0.091,-5.72958,-7.1046792000000005,-0.3437748,89.86273272,1.7246035799999997,110.97623502
9.07,907,0.004,-0.936,0.108,-3.0366774,-6.703608600000001,-2.0626488000000003,89.82835524000002,1.7475218999999995,110.90748005999998
9.08,908,-0.006999999999999999,-0.934,0.11,-1.0886202,-5.958763200000001,-3.8961144,89.91429894,1.7475218999999995,110.867373
9.09,909,-0.02,-0.927,0.115,-0.7448454000000001,-4.6982556,-5.5003968,89.90283978,1.8048176999999999,110.82153635999998
9.1,910,-0.046,-0.921,0.129,-1.432395,-2.3491278,-5.72958,89.89138061999998,1.8621135,110.79861804
9.11,911,-0.079,-0.922,0.142,-1.5469866,0.6875496,-4.4690724,89.87419188,1.90222056,110.80434762
9.12,912,-0.109,-0.934,0.16,0.0,5.3858052,-2.3491278,89.87419188,1.92513888,110.85591384
9.13,913,-0.124,-0.958,0.163,2.86479,11.4018642,0.0,90.0117018,1.8048176999999999,111.01634208
9.14,914,-0.132,-0.994,0.155,6.990087599999999,15.813640800000002,2.3491278,90.08618634,1.78189938,111.17104074
9.15,915,-0.123,-1.038,0.142,11.172681,17.9335854,4.7555514,90.20650752,1.73033316,111.34865772
9.16,916,-0.078,-1.089,0.109,12.605076,18.7357266,7.1046792000000005,90.33255828,1.65011904,111.53773386
9.17,917,-0.015,-1.117,0.11,14.5531332,14.32395,9.740286,90.48725694,1.5527161800000002,111.68097336
9.18,918,0.036000000000000004,-1.108,0.163,18.1054728,6.9327918,11.5737516,90.71644014,1.44385416,111.74399874
9.19,919,0.048,-1.065,0.219,21.772404,0.572958,11.745639,90.93416418,1.32926256,111.75545789999998
9.2,920,0.022,-1.005,0.265,23.777757,-2.291832,10.0840608,91.18053612,1.2318597,111.73253958
9.21,921,-0.025,-0.968,0.273,21.199446,1.6042823999999998,6.760904399999999,91.39253058,1.16310474,111.74972832
9.22,922,-0.067,-0.969,0.177,14.4385416,10.599723,2.7501984,91.54149966,1.13445684,111.85286076
9.23,923,-0.058,-0.989,0.044,6.130650599999999,25.9549974,-0.286479,91.57587714,1.10007936,112.11642144
9.24,924,0.006999999999999999,-1.038,-0.1,6.8182002000000015,40.393539,0.8594370000000001,91.65036168,1.07143146,112.51749204
9.25,925,0.066,-1.097,-0.146,13.5791046,41.3675676,8.193299399999999,91.78787159999999,0.96829902,112.92429222
9.26,926,0.114,-1.156,-0.138,20.1108258,39.9351726,19.8243468,91.99413648,0.75057498,113.31390366
9.27,927,0.179,-1.2,-0.08900000000000001,21.7151082,40.966497,32.544014399999995,92.21186052,0.4010706000000001,113.70924468
9.28,928,0.205,-1.227,-0.055,21.027558600000006,36.38283300000001,42.97185,92.41239582,-0.02291832,114.0472899
9.29,929,0.204,-1.268,-0.064,15.2979786,30.65325300000001,50.133825,92.56136490000002,-0.5443101,114.32803932
9.3,930,0.171,-1.287,-0.1,6.589017,20.912967,51.3943326,92.62439028,-1.06570188,114.51138588
9.31,931,0.103,-1.242,-0.196,-4.2398892,17.246035799999998,42.28430039999999,92.57855364,-1.50114996,114.66035496
9.32,932,0.003,-1.197,-0.265,-8.7089616,30.65325300000001,27.3300966,92.4754212,-1.7933585399999998,114.94683396
9.33,933,-0.129,-1.244,-0.292,-15.6417534,50.6494872,16.2147114,92.26915632,-1.99962342,115.44530742
9.34,934,-0.253,-1.283,-0.303,-23.9496444,62.9107884,10.9434978,91.99413648,-2.15432208,116.05837248
9.35,935,-0.29100000000000004,-1.269,-0.28600000000000003,-24.7517856,62.5097178,9.797581800000001,91.71338706000002,-2.2918320000000003,116.66570796
9.36,936,-0.225,-1.243,-0.243,-17.3606274,59.014674,10.599723,91.5013926,-2.42934192,117.24439554
9.37,937,-0.102,-1.242,-0.157,-5.9014674000000005,56.9520252,11.0007936,91.40971932,-2.56685184,117.80589438
9.38,938,0.031,-1.198,-0.044,2.1199446,55.40503860000001,10.4851314,91.39253058,-2.68144344,118.3444749
9.39,939,0.141,-1.128,0.04,6.3025379999999975,51.3943326,9.0527364,91.42117848,-2.80176462,118.85440752
9.4,940,0.196,-1.064,0.078,5.5576926,46.2377106,6.3025379999999975,91.44982638,-2.88770832,119.30704434
9.41,941,0.219,-0.982,0.08199999999999999,2.4064236,41.6540466,2.1199446,91.44982638,-2.92781538,119.7195741
9.42,942,0.191,-0.945,0.07200000000000001,1.5469866,37.1849742,-2.291832,91.4440968,-2.92781538,120.08626722
9.43,943,0.14400000000000002,-0.937,0.063,0.9167328,30.7105488,-5.2712136,91.4440968,-2.81322378,120.36701664
9.44,944,0.119,-0.935,0.075,0.3437748,24.1788276,-6.4744254,91.43263764,-2.76165756,120.60765900000001
9.45,945,0.067,-0.925,0.083,-0.1718874,18.449247600000003,-6.760904399999999,91.4154489,-2.70436176,120.79100556
9.46,946,0.012,-0.893,0.065,-2.9220857999999996,14.896907999999998,-5.72958,91.37534184,-2.65279554,120.93997464000002
9.47,947,-0.027000000000000003,-0.862,0.038,-5.6149884000000005,14.610429000000002,-2.9220857999999996,91.31231646,-2.6356068,121.08894372
9.48,948,-0.05,-0.853,0.022,-6.9327918,16.042824000000003,0.8021411999999999,91.22637276,-2.65279554,121.24364238
9.49,949,-0.07200000000000001,-0.8540000000000001,0.012,-8.880849000000003,18.621135,3.380452200000001,91.12324032,-2.6929026,121.42698894
9.5,950,-0.113,-0.84,0.002,-9.3392154,23.3193906,5.042030400000002,91.0143783,-2.75592798,121.65617214
9.51,951,-0.12,-0.821,0.0,-8.651665800000002,29.335449600000004,4.8128472,90.90551628,-2.81895336,121.94265114
9.52,952,-0.121,-0.805,0.026,-7.2765666,35.9817624,4.7555514,90.813843,-2.88197874,122.2978851
9.53,953,-0.099,-0.797,0.028,-7.6203414,41.8832298,4.6409598,90.71071056,-2.9564632800000004,122.71614444
9.54,954,-0.055,-0.8170000000000001,0.068,-6.760904399999999,45.83664,4.5263682,90.6133077,-3.01948866,123.16878126
9.55,955,-0.015,-0.8490000000000001,0.077,-8.078707799999998,49.5035712,4.583664,90.4987161,-3.0825140400000004,123.65579556
9.56,956,0.025,-0.884,0.06,-9.3965112,51.68081160000001,4.4690724,90.36693576,-3.14553942,124.16572818
9.57,957,0.041,-0.913,0.046,-9.3392154,52.712136,4.4117766,90.23515542,-3.2085648000000004,124.68711996
9.58,958,0.022,-0.93,0.018000000000000002,-8.479778399999999,53.8007562,4.6982556,90.10910466,-3.25440144,125.21424132
9.59,959,-0.018000000000000002,-0.921,0.006999999999999999,-5.0993262,55.5196302,5.0993262,90.01743138,-3.3231564,125.76428100000001
9.6,960,-0.073,-0.899,0.026,0.0,56.4936588,5.9014674000000005,89.97732432000002,-3.39764094,126.32005026
9.61,961,-0.123,-0.875,0.093,6.875496000000001,56.66554620000001,7.1046792000000005,90.00597222,-3.48358464,126.8815491
9.62,962,-0.134,-0.8809999999999999,0.16699999999999998,12.2040054,58.15523699999999,7.6203414,90.08618634,-3.57525792,127.46023668
9.63,963,-0.087,-0.9,0.189,14.5531332,63.1399716,6.0733548,90.21796668,-3.65547204,128.08476090000002
9.64,964,-0.006,-0.929,0.194,14.037471,67.7809314,3.4377480000000005,90.30963996,-3.70703826,128.75512176
9.65,965,0.086,-0.961,0.156,12.605076,69.32791800000001,1.145916,90.3841245,-3.74141574,129.44267136
9.66,966,0.162,-0.977,0.118,11.516455800000001,66.69231119999999,0.3437748,90.44714988,-3.77006364,130.10730264
9.67,967,0.204,-0.985,0.109,12.891555,61.87946400000001,1.432395,90.53309358,-3.80444112,130.72036770000003
9.68,968,0.211,-0.977,0.109,14.32395,58.3271244,3.7815227999999994,90.6419556,-3.810170700000002,131.28186654
9.69,969,0.187,-0.976,0.104,14.667724800000002,57.63957480000001,6.9327918,90.74508804,-3.90184398,131.84909496
9.7,970,0.134,-0.983,0.08800000000000001,15.0687954,57.6968706,9.969469199999999,90.85395006,-4.022165159999999,132.42205296
9.71,971,0.039,-0.97,0.075,15.985528200000001,60.44706899999999,10.4851314,90.96854166,-4.14821592,133.02365886
9.72,972,-0.02,-0.969,0.07,21.8869956,67.2079734,9.1100322,91.1289699,-4.2685371,133.68829014
9.73,973,-0.112,-0.993,0.106,23.376686399999997,74.2553568,8.8235532,91.31231646,-4.40031744,134.42740596
9.74,974,-0.204,-1.018,0.129,24.637194,79.06820400000002,10.8289062,91.48993344,-4.54355694,135.20662883999998
9.75,975,-0.272,-1.0590000000000002,0.11,21.6005166,79.18279559999998,15.2979786,91.63890252,-4.73836266,135.9915813
9.76,976,-0.287,-1.095,0.085,17.8189938,74.2553568,19.8816426,91.74776454000002,-4.97900502,136.71923796
9.77,977,-0.247,-1.122,0.08800000000000001,17.18874,69.4425096,21.485925,91.85089698,-5.231106540000001,137.40105798000002
9.78,978,-0.139,-1.141,0.132,19.480572,68.35388940000001,18.621135,91.9884069,-5.45456016,138.07714842
9.79,979,-0.051,-1.187,0.101,17.9335854,62.5670136,10.8289062,92.1029985,-5.603529239999999,138.69594306000002
9.8,980,-0.042,-1.25,0.06,11.8029348,54.889376399999996,-1.0886202,92.1602943,-5.62644756,139.24025316
9.81,981,-0.05,-1.327,-0.013,4.4117766,54.602897399999996,-15.813640800000002,92.14310556,-5.5003968,139.79029284
9.82,982,-0.006,-1.399,-0.128,-0.5156622000000001,65.7182826,-31.1689152,92.06862102,-5.23683612,140.44919454
9.83,983,0.045,-1.3630000000000002,-0.171,5.72958,82.2767688,-42.62807520000001,92.02851396,-4.85295426,141.28571322
9.84,984,0.099,-1.239,-0.102,17.9908812,94.53806999999999,-46.2377106,92.12018724,-4.45188366,142.2368235
9.85,985,0.147,-1.058,-0.066,24.4080108,94.8818448,-41.3102718,92.28061548,-4.102379279999999,143.19939294
9.86,986,0.133,-0.87,-0.091,18.162768600000003,86.68854540000002,-29.7365202,92.39520708,-3.8674665,144.0702891
9.87,987,0.077,-0.7979999999999999,-0.127,-2.2345362,82.4486562,-16.902261,92.3035338,-3.752874900000001,144.89534862
9.88,988,0.0,-0.88,-0.16899999999999998,-17.0741484,90.9857304,-12.2040054,92.02851396,-3.68984952,145.80062226
9.89,989,-0.068,-1.058,-0.223,-27.3300966,105.7680468,-12.834259199999998,91.67328,-3.62682414,146.8491354
9.9,990,-0.105,-1.232,-0.234,-27.7311672,118.7168976,-16.272007199999994,91.3008573,-3.52942128,148.0236993
9.91,991,-0.138,-1.331,-0.181,-19.9962342,128.57177520000002,-19.480572,91.00291914,-3.39764094,149.29566605999997
9.92,992,-0.182,-1.308,-0.117,-10.8289062,136.9942578,-19.7097552,90.79665426,-3.26013102,150.65357652
9.93,993,-0.212,-1.187,-0.055,-3.6669312000000014,144.78648660000005,-16.272007199999994,90.65341476,-3.16845774,152.0917011
9.94,994,-0.201,-1.0659999999999998,0.017,2.0626488000000003,151.37550359999997,-10.313244,90.57320064,-3.1226211000000004,153.59285106
9.95,995,-0.166,-1.007,0.045,4.4117766,161.74604340000005,-4.583664,90.50444568,-3.1398098400000003,155.19713346
9.96,996,-0.145,-0.981,0.068,4.8701430000000006,170.85607560000003,-2.1199446,90.4414203,-3.1741873200000006,156.88735956
9.97,997,-0.12,-0.967,0.098,4.010706000000001,180.195291,-1.6042823999999998,90.3554766,-3.22002396,158.66925894000005
9.98,998,-0.08900000000000001,-0.942,0.139,3.6096354,188.6177736,-1.7188740000000002,90.27526248,-3.2658606,160.53710202
9.99,999,-0.07400000000000001,-0.935,0.177,1.8334656000000005,194.5765368,-2.291832,90.15494129999999,-3.3059676599999994,162.4622409
10.0,1000,-0.059,-0.968,0.182,-2.6929026,198.3007638,-3.0366774,89.98878348,-3.33461556,164.42175726
10.01,1001,-0.056,-0.989,0.15,-7.0473834,200.7071874,-3.5523396000000003,89.77105944,-3.34607472,166.40992152
10.02,1002,-0.066,-1.039,0.14300000000000002,-9.0527364,201.3374412,-4.0680017999999984,89.53614666000001,-3.3518043,168.39808578
10.03,1003,-0.08,-1.044,0.133,-10.5424272,202.4260614,-4.1252976000000015,89.29550429999998,-3.34607472,170.40343878
10.04,1004,-0.07400000000000001,-1.023,0.132,-11.688343199999998,204.4314144,-3.4950437999999995,89.03194361999998,-3.34034514,172.42598052
10.05,1005,-0.07200000000000001,-0.986,0.122,-9.969469199999999,206.3221758,-2.4064236,88.7798421,-3.33461556,174.465711
10.06,1006,-0.075,-0.95,0.138,-8.9381448,207.0670212,-1.6615782,88.54492932000002,-3.32888598,176.51117105999995
10.07,1007,-0.049,-0.93,0.146,-8.4224826,208.3848246,-0.6875496,88.31001654,-3.3231564,178.57381986
10.08,1008,-0.003,-0.932,0.13699999999999998,-7.906820400000001,209.5307406,0.11459160000000004,88.0922925,-3.3116972399999995,-179.34731316
10.09,1009,0.044,-0.948,0.131,-7.161975,208.556712,0.5156622000000001,87.87456846,-3.30023808,-177.28466436000005
10.1,1010,0.071,-0.968,0.113,-6.1879464,205.9211052,0.8021411999999999,87.66257399999998,-3.28877892,-175.24493388
10.11,1011,0.085,-0.987,0.118,-4.1252976000000015,199.2174966,1.2032118,87.48495702,-3.27159018,-173.27395836
10.12,1012,0.08900000000000001,-0.996,0.112,-3.0939732,193.3160292,1.7188740000000002,87.31879920000002,-3.25440144,-171.36027864
10.13,1013,0.078,-1.002,0.093,-2.9220857999999996,187.1853786,2.1772404,87.16410053999998,-3.2257535399999995,-169.50962429999996
10.14,1014,0.062,-0.999,0.094,-2.1199446,181.7422776,2.2345362,87.02086104,-3.2085648000000004,-167.71053618000005
10.15,1015,0.043,-0.996,0.118,-1.3750992,177.96075480000005,2.1772404,86.88335112,-3.18564648,-165.94582554000004
10.16,1016,0.026,-0.996,0.142,-1.2032118,176.0126976,1.8907613999999997,86.75157078,-3.15699858,-164.20403322
10.17,1017,0.009000000000000001,-0.995,0.156,-2.4637194,175.7835144,0.8021411999999999,86.60260170000002,-3.11116194,-162.4622409
10.18,1018,-0.005,-0.99,0.14800000000000002,-4.9274388,176.8148388,-1.0313244,86.45363262000002,-3.04240698,-160.72044857999995
10.19,1019,-0.015,-0.982,0.119,-8.136003599999999,180.5963616,-3.3231564,86.25309732000002,-2.94500412,-158.93854919999995
10.2,1020,-0.028,-0.971,0.111,-9.2819196,183.633039,-4.3544808,86.04110286,-2.83041252,-157.12800192
10.21,1021,-0.026,-0.966,0.129,-10.1986524,187.1853786,-4.6982556,85.82337881999999,-2.70436176,-155.27734758
10.22,1022,-0.013,-0.96,0.13,-10.8289062,190.795014,-4.4690724,85.5999252,-2.57258142,-153.39804534
10.23,1023,0.008,-0.949,0.129,-10.6570188,192.6284796,-3.8388186,85.39938989999997,-2.4350715000000003,-151.50155436
10.24,1024,0.022,-0.942,0.123,-9.6256944,192.51388799999998,-2.7501984,85.19312502,-2.30329116,-149.60506338
10.25,1025,0.018000000000000002,-0.941,0.104,-9.568398599999998,189.7063938,-1.3178034,84.99831929999998,-2.18296998,-147.73149071999995
10.26,1026,0.002,-0.95,0.081,-10.026765,185.2946172,-0.286479,84.80351358,-2.06837838,-145.90375469999995
10.27,1027,-0.026,-0.96,0.028,-11.45916,178.53371280000005,-0.4010706,84.60297828,-1.95378678,-144.14477364
10.28,1028,-0.058,-0.953,-0.006999999999999999,-11.45916,173.6635698,-1.7188740000000002,84.40817256,-1.82200644,-142.43735880000003
10.29,1029,-0.095,-0.932,0.006999999999999999,-8.307891,171.027963,-2.8074942000000003,84.25347389999997,-1.67303736,-140.75286228
10.3,1030,-0.123,-0.911,0.044,-4.1252976000000015,170.91337140000005,-2.86479,84.13888229999998,-1.52406828,-139.06836575999998
10.31,1031,-0.138,-0.894,0.065,-2.0053530000000004,172.68954119999995,-2.3491278,84.05293859999998,-1.36936962,-137.3666805
10.32,1032,-0.147,-0.8759999999999999,0.068,-1.2032118,173.77816140000004,-1.6042823999999998,83.97845406,-1.22613012,-135.65926566000002
10.33,1033,-0.151,-0.8759999999999999,0.086,0.4010706,174.52300680000005,-0.8594370000000001,83.938347,-1.09434978,-133.94612124
10.34,1034,-0.131,-0.897,0.077,1.432395,173.4916824,0.0,83.89823994000002,-0.95683986,-132.23297682
10.35,1035,-0.086,-0.943,0.05,-0.572958,167.4183276,1.0886202,83.84667372,-0.83651868,-130.58285777999998
10.36,1036,-0.035,-0.981,0.0,-3.8961144,159.9125778,1.7761698,83.76073002,-0.72765666,-129.00722328
10.37,1037,0.02,-1.034,-0.059,-7.3911582,150.74524979999995,2.5210152000000003,83.65186800000002,-0.63598338,-127.51753248
10.38,1038,0.099,-1.07,-0.125,-11.4018642,143.2395,3.5523396000000003,83.49716934,-0.53858052,-126.10232622
10.39,1039,0.174,-1.08,-0.133,-9.9121734,134.7024258,4.9274388,83.36538900000002,-0.46982556,-124.76733408
10.4,1040,0.223,-1.068,-0.102,-6.016058999999999,126.2799432,6.130650599999999,83.27944529999998,-0.42398892,-123.51828564
10.41,1041,0.255,-1.054,-0.123,-9.568398599999998,123.18597,5.72958,83.15339454,-0.3724227000000001,-122.30361468
10.42,1042,0.303,-1.035,-0.206,-18.048177,125.477802,4.1825934,82.94712966,-0.29793816,-121.06029582
10.43,1043,0.322,-1.042,-0.206,-20.454600600000006,131.6657484,6.016058999999999,82.71221688,-0.20626488,-119.75395158
10.44,1044,0.313,-1.072,-0.128,-18.8503182,132.6970728,10.8289062,82.49449283999998,-0.18334656,-118.43614818
10.45,1045,0.312,-1.144,-0.07200000000000001,-18.162768600000003,136.4212998,18.1054728,82.28822796,-0.21772404,-117.07823772000002
10.46,1046,0.264,-1.198,-0.037000000000000005,-17.5325148,141.6925134,23.6631654,82.08769266,-0.30366774,-115.6515723
10.47,1047,0.166,-1.192,-0.003,-15.813640800000002,145.1875572,23.777757,81.89861652,-0.37815228,-114.19625898
10.48,1048,0.103,-1.17,-0.008,-17.303331600000003,146.56265639999995,19.767051,81.7038108,-0.4010706000000001,-112.7294865
10.49,1049,0.063,-1.15,0.003,-14.610429000000002,148.109643,14.8396122,81.52619381999997,-0.37815228,-111.25698444
10.5,1050,0.06,-1.109,0.024,-10.4278356,147.02102280000003,10.3705398,81.3886839,-0.30366774,-109.80167112
10.51,1051,0.079,-1.048,0.019,-8.9954406,139.515273,7.333862400000001,81.27409229999998,-0.20626488,-108.42084234
10.52,1052,0.116,-1.015,0.017,-6.4744254,134.072172,5.72958,81.18814859999998,-0.09740286,-107.10303894
10.53,1053,0.156,-1.015,0.023,-4.1825934,128.629071,5.5576926,81.14231196,0.02291832,-105.83107218
10.54,1054,0.187,-1.019,0.023,-3.0366774,120.72225060000001,7.2765666,81.09647532,0.10313244,-104.63358996
10.55,1055,0.199,-1.007,0.044,-0.2291832000000001,112.81543020000001,9.6256944,81.07928658,0.14896908,-103.51632186
10.56,1056,0.206,-0.996,0.067,2.9220857999999996,106.91396280000001,11.4018642,81.10220489999998,0.1718874,-102.45061998
10.57,1057,0.212,-0.982,0.079,4.9847345999999995,102.9032568,12.7769634,81.14231196,0.17761697999999998,-101.41929558
10.58,1058,0.203,-0.964,0.067,5.3858052,100.6114248,12.9488508,81.21106692,0.20053530000000008,-100.4108895
10.59,1059,0.17800000000000002,-0.947,0.065,6.0733548,99.3509172,11.917526400000002,81.26263314,0.20626488,-99.41967216
10.6,1060,0.177,-0.926,0.067,4.6982556,99.2363256,10.7716104,81.30274019999997,0.22345362,-98.42845481999998
10.61,1061,0.16399999999999998,-0.924,0.053,3.6669312000000014,98.7206634,9.6256944,81.3313881,0.24637194,-97.44296706000002
10.62,1062,0.16399999999999998,-0.913,0.039,3.6096354,98.548776,8.307891,81.360036,0.28647900000000004,-96.46320888
10.63,1063,0.16699999999999998,-0.906,0.035,4.4117766,98.3195928,7.2765666,81.4173318,0.36096354,-95.48918028
10.64,1064,0.183,-0.907,0.047,6.3598338,98.7206634,7.0473834,81.47462759999998,0.40680018,-94.5094221
10.65,1065,0.194,-0.928,0.035,8.3651868,97.7466348,7.906820400000001,81.55484172,0.44690724,-93.5353935
10.66,1066,0.193,-0.95,0.001,9.0527364,95.85587340000001,9.453807000000001,81.64078542,0.46982556,-92.57855364
10.67,1067,0.189,-0.97,-0.019,9.3965112,91.2149136,11.2872726,81.73245870000002,0.46409598,-91.66755042
10.68,1068,0.189,-0.981,-0.029,10.7143146,86.68854540000002,12.032117999999999,81.8470503,0.46982556,-90.79092468
10.69,1069,0.192,-0.989,-0.031,12.4904844,81.3027402,11.8602306,81.97310106,0.44690724,-89.97732432000002
10.7,1070,0.189,-0.988,-0.034,13.521808800000002,75.68775179999999,10.886202,82.1048814,0.42398892,-89.21529018
10.71,1071,0.185,-0.982,-0.034,15.469866,70.7030172,10.1413566,82.25958005999998,0.4010706000000001,-88.50482226
10.72,1072,0.187,-0.983,-0.031,17.4179232,66.0620574,10.0840608,82.43146746,0.3724227000000001,-87.84019098
10.73,1073,0.18600000000000005,-0.987,-0.026,18.449247600000003,61.07732280000001,11.516455800000001,82.63200276,0.35523396,-87.21566676
10.74,1074,0.191,-0.988,-0.018000000000000002,19.194093,55.290447,14.037471,82.82107890000002,0.26929026,-86.65416791999998
10.75,1075,0.196,-0.991,-0.017,19.2513888,46.753372799999994,15.5844576,83.01015504,0.16615782,-86.17288319999999
10.76,1076,0.188,-0.992,-0.021,18.7930224,40.5081306,15.6990492,83.19923118,0.04583664,-85.75462386000002
10.77,1077,0.181,-0.989,-0.031,17.5325148,34.7212548,15.6990492,83.37111858,-0.06875496,-85.39366032000002
10.78,1078,0.171,-1.004,-0.046,16.959556799999998,30.3094782,14.667724800000002,83.54873556,-0.14323950000000002,-85.06707426
10.79,1079,0.139,-1.042,-0.065,14.0947668,26.642547,12.3758928,83.68624548,-0.24064236,-84.78632483999998
10.8,1080,0.098,-1.0659999999999998,-0.064,11.5737516,24.7517856,9.5111028,83.80083708,-0.31512690000000004,-84.53422332
10.81,1081,0.068,-1.068,-0.039,12.4904844,26.5279554,6.5317212,83.92115826,-0.35523396,-84.25920348
10.82,1082,0.045,-1.079,-0.046,14.266654199999998,30.0229992,3.7815227999999994,84.06439776,-0.3724227000000001,-83.96126532
10.83,1083,0.014,-1.089,-0.049,13.9228794,34.4920716,2.0626488000000003,84.20763725999998,-0.36096354,-83.61749052
10.84,1084,-0.002,-1.087,-0.04,12.7769634,38.4454818,2.0053530000000004,84.32795844,-0.34950438,-83.23360865999999
10.85,1085,-0.014,-1.083,-0.052000000000000005,9.969469199999999,41.9405256,2.4637194,84.42536129999998,-0.3437748,-82.81534932000002
10.86,1086,-0.017,-1.079,-0.061,7.6203414,45.4928652,3.2658606,84.49411626,-0.34950438,-82.3627125
10.87,1087,0.004,-1.0659999999999998,-0.08199999999999999,6.130650599999999,48.529542600000006,3.724227,84.54568248000002,-0.34950438,-81.88142778
10.88,1088,0.035,-1.046,-0.078,5.6722842,50.3057124,4.0680017999999984,84.59724870000002,-0.3437748,-81.37722474
10.89,1089,0.07400000000000001,-1.023,-0.06,5.7868758000000025,51.2224452,4.1825934,84.64308534,-0.34950438,-80.86729212
10.9,1090,0.121,-0.983,-0.05,5.5003968,51.6235158,4.6409598,84.68892198,-0.36096354,-80.35162992
10.91,1091,0.141,-0.96,-0.021,5.7868758000000025,49.2170922,6.4744254,84.74048819999999,-0.39534102,-79.85888604
10.92,1092,0.147,-0.961,-0.03,3.151269,43.65939960000001,8.7662574,84.76340652,-0.4526368200000001,-79.42343796
10.93,1093,0.13,-0.975,-0.076,0.3437748,35.0077338,10.8289062,84.75194736,-0.49274388,-79.05101526000001
10.94,1094,0.094,-0.995,-0.08800000000000001,0.0,27.501984000000004,12.605076,84.74621778000002,-0.6016058999999999,-78.77026584
10.95,1095,0.062,-1.016,-0.068,-0.6875496,22.173474600000002,13.6364004,84.73475862000002,-0.72192708,-78.54108264
10.96,1096,0.046,-1.034,-0.05,-1.3178034,18.5065434,14.32395,84.71184029999998,-0.8537074199999999,-78.34627692000002
10.97,1097,0.043,-1.04,-0.112,-3.0366774,12.834259199999998,14.8396122,84.67746281999997,-0.9912173399999998,-78.20303742
10.98,1098,0.03,-1.025,-0.102,-1.4896908000000002,5.5576926,15.0687954,84.64881491999998,-1.09434978,-78.12282330000002
10.99,1099,0.002,-1.018,-0.062,0.8021411999999999,-0.9740286,15.5844576,84.66027408,-1.24904844,-78.12282330000002
11.0,1100,-0.01,-1.0,-0.043,1.8334656000000005,-3.8961144,15.0687954,84.67746281999997,-1.4037471,-78.14574162
11.01,1101,-0.027000000000000003,-0.981,-0.021,2.8074942000000003,-4.1252976000000015,12.9488508,84.71184029999998,-1.53552744,-78.17438952
11.02,1102,-0.044,-0.975,-0.017,3.4377480000000005,-2.9220857999999996,10.1413566,84.74621778000002,-1.6329303,-78.19730784
11.03,1103,-0.067,-0.977,-0.024,4.1252976000000015,-2.0053530000000004,7.9641161999999985,84.83789106,-1.76471064,-78.22595574
11.04,1104,-0.094,-0.98,-0.017,6.3025379999999975,-0.057295800000000015,6.875496000000001,84.90091644,-1.8334656000000005,-78.22022616
11.05,1105,-0.113,-0.978,-0.006,8.9381448,2.6356068,6.703608600000001,84.99258972,-1.89649098,-78.18584868
11.06,1106,-0.129,-0.964,0.016,12.891555,4.9274388,6.5317212,85.11864048,-1.9595163600000003,-78.12855288
11.07,1107,-0.132,-0.945,0.036000000000000004,16.558486199999994,7.5630456000000015,5.844171599999999,85.2847983,-2.01108258,-78.04833876000002
11.08,1108,-0.128,-0.921,0.064,19.3659804,10.3705398,4.3544808,85.52544065999999,-2.08556712,-77.95666548
11.09,1109,-0.12,-0.905,0.084,21.2567418,13.980175199999998,2.8074942000000003,85.73743512,-2.10848544,-77.81342598
11.1,1110,-0.113,-0.9,0.097,22.345362,16.8449652,1.3750992,85.95515916000002,-2.10848544,-77.64153858
11.11,1111,-0.114,-0.915,0.103,22.631841,18.162768600000003,0.057295800000000015,86.17861278000002,-2.10275586,-77.45819202
11.12,1112,-0.12,-0.941,0.095,21.485925,18.621135,-0.572958,86.38487766,-2.08556712,-77.27484546000002
11.13,1113,-0.123,-0.971,0.068,19.7097552,18.048177,-0.9167328,86.61406086000002,-2.10275586,-77.10295806
11.14,1114,-0.112,-0.994,0.036000000000000004,18.449247600000003,17.4179232,-0.9740286,86.79167784,-2.0912967,-76.93107066
11.15,1115,-0.087,-0.995,0.023,17.9335854,17.303331600000003,-1.4896908000000002,86.96356524000002,-2.06837838,-76.75918326
11.16,1116,-0.046,-0.982,0.015,17.246035799999998,17.761698000000006,-2.9220857999999996,87.13545264000004,-2.0340008999999997,-76.58156627999998
11.17,1117,-0.022,-0.97,0.018000000000000002,16.386598799999998,17.0741484,-4.7555514,87.29015129999998,-1.9767051,-76.41540846000002
11.18,1118,-0.006999999999999999,-0.969,0.01,13.980175199999998,16.157415599999997,-6.5317212,87.4333908,-1.89649098,-76.24925064
11.19,1119,0.014,-0.979,-0.015,10.6570188,14.5531332,-7.6776372,87.53652324,-1.81627686,-76.10601113999998
11.2,1120,0.032,-0.999,-0.043,6.760904399999999,12.1467096,-8.250595200000001,87.59954862,-1.73033316,-75.99141954000002
11.21,1121,0.059,-1.033,-0.068,3.0939732,10.3705398,-8.3651868,87.62819652,-1.64438946,-75.88828709999999
11.22,1122,0.083,-1.074,-0.08800000000000001,0.8021411999999999,8.59437,-7.9641161999999985,87.6339261,-1.56417534,-75.80807297999998
11.23,1123,0.081,-1.097,-0.08800000000000001,1.2605076000000002,5.0993262,-6.990087599999999,87.59381904,-1.40947668,-75.73931802
11.24,1124,0.056,-1.111,-0.084,4.1825934,2.4064236,-5.6722842,87.63965568,-1.35218088,-75.7163997
11.25,1125,0.017,-1.099,-0.07,7.8495246,0.6875496,-4.7555514,87.71414021999998,-1.30634424,-75.71067012
11.26,1126,-0.028,-1.07,-0.043,11.8029348,0.2291832000000001,-4.297185,87.83446140000002,-1.2605076000000002,-75.70494054
11.27,1127,-0.073,-1.038,-0.027000000000000003,14.2093584,0.6302538000000001,-4.0680017999999984,87.9777009,-1.22040054,-75.69921095999999
11.28,1128,-0.106,-1.012,-0.006999999999999999,15.2406828,1.4896908000000002,-4.297185,88.14385872,-1.23758928,-75.69921095999999
11.29,1129,-0.13,-1.0,0.01,14.7823164,3.380452200000001,-5.2139178,88.2928278,-1.18602306,-75.66483348
11.3,1130,-0.133,-1.001,0.012,12.6623718,6.990087599999999,-6.4744254,88.41887856000002,-1.1172681,-75.59607852
11.31,1131,-0.107,-1.005,-0.001,8.3651868,12.0894138,-7.6776372,88.49909268,-1.04278356,-75.47575734
11.32,1132,-0.063,-1.006,-0.024,5.042030400000002,15.2406828,-7.906820400000001,88.54492932000002,-0.96256944,-75.32678826
11.33,1133,-0.014,-1.006,-0.046,3.151269,16.329303,-7.333862400000001,88.53919973999999,-0.87662574,-75.16063044
11.34,1134,0.032,-1.002,-0.06,2.1199446,14.896907999999998,-6.1879464,88.55638848,-0.8136003599999999,-75.01739094
11.35,1135,0.073,-1.004,-0.07200000000000001,2.6356068,11.3445684,-4.4690724,88.58503637999998,-0.7734933,-74.90279934
11.36,1136,0.096,-1.012,-0.083,3.380452200000001,6.0733548,-2.8074942000000003,88.61368428,-0.7448454000000001,-74.84550354000002
11.37,1137,0.109,-1.02,-0.08199999999999999,4.297185,1.145916,-1.432395,88.65952092,-0.72765666,-74.83404438
11.38,1138,0.105,-1.019,-0.07200000000000001,6.3025379999999975,-3.0366774,-0.6875496,88.64806175999998,-0.59014674,-74.82831479999999
11.39,1139,0.08,-1.013,-0.052000000000000005,8.250595200000001,-6.9327918,-0.572958,88.73400546,-0.5844171599999999,-74.89706976
11.4,1140,0.035,-0.999,-0.034,9.568398599999998,-9.568398599999998,-0.572958,88.8371379,-0.5786875800000001,-74.98874304
11.41,1141,-0.01,-0.988,-0.017,11.1153852,-10.4851314,-0.6875496,88.9517295,-0.56722842,-75.09187548
11.42,1142,-0.047,-0.978,0.005,12.5477802,-9.2819196,-0.8021411999999999,89.07778026000004,-0.55576926,-75.18354876
11.43,1143,-0.067,-0.974,0.026,13.980175199999998,-6.589017,-1.0886202,89.24393807999998,-0.5844171599999999,-75.2580333
11.44,1144,-0.073,-0.975,0.044,15.469866,-3.5523396000000003,-1.432395,89.39863674,-0.5729580000000001,-75.29241078
11.45,1145,-0.066,-0.983,0.069,16.7303736,-0.9167328,-1.9480572,89.57052414,-0.55003968,-75.29814036
11.46,1146,-0.046,-1.009,0.083,15.183387000000002,2.4064236,-2.4064236,89.72522280000004,-0.52712136,-75.27522203999997
11.47,1147,-0.021,-1.031,0.071,12.605076,6.130650599999999,-2.3491278,89.85127356000002,-0.5042030399999999,-75.21219666
11.48,1148,0.001,-1.043,0.058,10.886202,6.703608600000001,-2.1199446,89.98305390000002,-0.46409598,-75.13771212
11.49,1149,0.022,-1.046,0.049,9.797581800000001,5.6722842,-1.8907613999999997,90.08045676,-0.44690724,-75.08041632
11.5,1150,0.042,-1.041,0.046,9.0527364,3.8961144,-1.7761698,90.17213004,-0.4297185000000001,-75.04030925999999
11.51,1151,0.057,-1.032,0.043,8.136003599999999,1.8907613999999997,-1.7761698,90.25807374,-0.41252976,-75.02312051999998
11.52,1152,0.062,-1.02,0.041,7.5057497999999985,-0.6302538000000001,-1.8907613999999997,90.33255828,-0.38961144,-75.0288501
11.53,1153,0.055,-1.015,0.035,6.4744254,-2.86479,-2.1772404,90.40131324,-0.28647900000000004,-75.03457968000002
11.54,1154,0.043,-1.016,0.027000000000000003,4.8128472,-4.297185,-2.2345362,90.45287946,-0.26356068,-75.08041632
11.55,1155,0.03,-1.019,0.012,2.8074942000000003,-5.0993262,-2.0626488000000003,90.48152736,-0.24064236,-75.12625296
11.56,1156,0.021,-1.019,-0.003,2.9793816000000004,-6.016058999999999,-1.4896908000000002,90.51017526,-0.22345362,-75.18927834
11.57,1157,0.01,-1.018,-0.006999999999999999,4.2398892,-7.5630456000000015,-0.9740286,90.5560119,-0.21199446,-75.26376287999999
11.58,1158,0.003,-1.015,0.002,5.7868758000000025,-8.479778399999999,-0.8021411999999999,90.59038938,-0.18907614,-75.34397700000002
11.59,1159,0.002,-1.012,0.013,6.760904399999999,-8.651665800000002,-1.2032118,90.66487392,-0.1718874,-75.42419112
11.6,1160,0.001,-1.003,0.019,6.5317212,-7.333862400000001,-1.6615782,90.7278993,-0.15469866,-75.49867565999998
11.61,1161,-0.001,-0.994,0.021,5.6149884000000005,-4.6982556,-2.0053530000000004,90.78519509999998,-0.13178034,-75.54451230000002
11.62,1162,0.002,-0.998,0.027000000000000003,4.8701430000000006,-1.432395,-2.0626488000000003,90.83676132,-0.10886202,-75.55597146
11.63,1163,0.0,-1.009,0.029,4.1825934,1.7761698,-1.5469866,90.86540922,-0.08021412,-75.53305314
11.64,1164,0.0,-1.023,0.026,4.0680017999999984,2.86479,-0.7448454000000001,90.90551628,-0.07448454,-75.50440524000003
11.65,1165,-0.003,-1.035,0.027000000000000003,4.6982556,2.6929026,-0.11459160000000004,90.9570825,-0.07448454,-75.48148692
11.66,1166,-0.008,-1.038,0.026,5.5576926,1.8907613999999997,0.0,91.0143783,-0.07448454,-75.45856859999998
11.67,1167,-0.008,-1.029,0.027000000000000003,6.016058999999999,1.5469866,-0.3437748,91.0716741,-0.06875496,-75.44137986
11.68,1168,-0.005,-1.01,0.028,6.0733548,1.7188740000000002,-0.9740286,91.11178116,-0.057295800000000015,-75.42419112
11.69,1169,-0.003,-0.99,0.031,5.9014674000000005,1.8907613999999997,-1.3178034,91.17480654,-0.04583664,-75.40700238
11.7,1170,0.0,-0.975,0.036000000000000004,5.2139178,2.291832,-1.6615782,91.22637276,-0.028647900000000007,-75.37835448000001
11.71,1171,0.003,-0.974,0.038,4.0680017999999984,2.9793816000000004,-1.5469866,91.26647982,-0.01718874,-75.34970658
11.72,1172,0.009000000000000001,-0.988,0.035,3.6096354,3.3231564,-1.145916,91.30658688,-0.00572958,-75.3153291
11.73,1173,0.012,-1.012,0.038,3.6669312000000014,3.2658606,-0.6302538000000001,91.3295052,0.028647900000000007,-75.27522203999997
11.74,1174,0.011,-1.037,0.041,4.5263682,2.9220857999999996,0.0,91.37534184,0.028647900000000007,-75.24657413999998
11.75,1175,0.005,-1.048,0.042,5.0993262,2.86479,0.286479,91.42690806,0.02291832,-75.21792624
11.76,1176,-0.002,-1.04,0.045,5.443101,2.8074942000000003,0.4583664000000001,91.48420386,0.01718874,-75.18927834
11.77,1177,-0.004,-1.023,0.049,5.3858052,2.5210152000000003,0.4583664000000001,91.53577008,0.01145916,-75.16063044
11.78,1178,0.0,-1.003,0.042,4.5263682,2.2345362,0.11459160000000004,91.55868840000001,0.02291832,-75.13771212
11.79,1179,0.004,-0.996,0.035,2.578311,2.5210152000000003,0.1718874,91.5873363,0.02291832,-75.10906422000002
11.8,1180,0.008,-0.994,0.031,1.2605076000000002,2.8074942000000003,0.11459160000000004,91.59879546,0.01718874,-75.08041632
11.81,1181,0.015,-1.001,0.028,1.0313244,2.8074942000000003,0.057295800000000015,91.60452504,0.01718874,-75.05176842
11.82,1182,0.016,-1.012,0.027000000000000003,0.6875496,2.6356068,0.2291832000000001,91.6159842,0.01145916,-75.0288501
11.83,1183,0.014,-1.022,0.033,0.5156622000000001,2.3491278,0.4010706,91.55868840000001,0.07448454,-74.98301346
11.84,1184,0.01,-1.026,0.038,0.572958,2.0053530000000004,0.572958,91.56441798,0.06875496,-74.96582472
11.85,1185,0.008,-1.024,0.039,1.145916,1.6042823999999998,0.6875496,91.57587714,0.06302537999999999,-74.94863597999998
11.86,1186,0.006999999999999999,-1.017,0.04,1.145916,1.2032118,0.4583664000000001,91.5873363,0.057295800000000015,-74.93717682
11.87,1187,0.01,-1.007,0.036000000000000004,0.3437748,1.2032118,0.5156622000000001,91.59306588,0.05156622,-74.92571766
11.88,1188,0.014,-0.999,0.026,-0.286479,0.7448454000000001,0.572958,91.40971932,0.1718874,-74.88561059999998
11.89,1189,0.014,-0.994,0.02,-0.572958,0.0,0.6875496,91.39826016,0.16042824,-74.89134018
11.9,1190,0.011,-0.995,0.017,-0.8021411999999999,-0.8594370000000001,0.4583664000000001,91.39253058,0.16042824,-74.89706976
11.91,1191,0.005,-0.998,0.015,-0.572958,-1.7188740000000002,0.0,91.386801,0.16042824,-74.91425849999997
11.92,1192,0.0,-1.002,0.017,-0.286479,-2.1199446,-0.5156622000000001,91.38107142,0.16615782,-74.93717682
11.93,1193,-0.003,-1.004,0.02,-0.057295800000000015,-2.0626488000000003,-1.145916,91.28366856,0.16615782,-74.96009513999998
11.94,1194,-0.003,-1.011,0.025,0.0,-1.3178034,-1.432395,91.28366856,0.18334656,-74.97728388
11.95,1195,-0.003,-1.015,0.026,0.4583664000000001,-0.6875496,-1.432395,91.28939814,0.20053530000000008,-74.98301346
11.96,1196,-0.001,-1.016,0.025,1.2032118,-0.7448454000000001,-1.0313244,91.3008573,0.21199446,-74.98874304
11.97,1197,-0.001,-1.015,0.022,2.2345362,-0.9167328,-0.5156622000000001,91.32377562,0.21772404,-74.99447262
11.98,1198,-0.001,-1.014,0.025,3.0939732,-0.9167328,-0.286479,91.29512772,0.22345362,-75.00593178
11.99,1199,-0.001,-1.01,0.027000000000000003,3.380452200000001,-0.572958,-0.4010706,91.3295052,0.2291832000000001,-75.01166136
12.0,1200,0.0,-1.01,0.035,3.3231564,-0.286479,-0.6302538000000001,91.36388268,0.23491278,-75.01739094
12.01,1201,0.006999999999999999,-1.009,0.039,2.9793816000000004,-0.1718874,-1.0886202,91.39826016,0.24637194,-75.01739094
12.02,1202,0.018000000000000002,-1.011,0.043,2.6356068,-0.3437748,-1.432395,91.42117848,0.25783110000000004,-75.01739094
12.03,1203,0.021,-1.014,0.048,1.8334656000000005,-1.2605076000000002,-1.2032118,91.43836722,0.33231564,-75.01166136
12.040000000000001,1204,0.017,-1.018,0.048,1.2605076000000002,-2.291832,-0.6302538000000001,91.45555596,0.33804522,-75.03457968000002
12.05,1205,0.005,-1.022,0.048,1.3178034,-3.151269,0.0,91.46701512,0.3437748,-75.06895716
12.06,1206,-0.005,-1.021,0.05,1.6042823999999998,-3.4377480000000005,0.2291832000000001,91.48420386,0.3437748,-75.10333464
12.07,1207,-0.014,-1.013,0.05,1.9480572,-2.7501984,0.2291832000000001,91.50712218,0.3437748,-75.12625296
12.08,1208,-0.019,-1.003,0.049,1.8907613999999997,-1.3178034,0.11459160000000004,91.52431092,0.25210152,-75.16636002
12.09,1209,-0.019,-0.996,0.046,1.8334656000000005,-0.5156622000000001,-0.2291832000000001,91.54149966,0.25783110000000004,-75.17208959999998
12.1,1210,-0.016,-0.99,0.044,2.1199446,-0.1718874,-0.7448454000000001,91.56441798,0.26356068,-75.17208959999998
12.11,1211,-0.006,-0.993,0.047,2.291832,0.3437748,-1.145916,91.5873363,0.27501984,-75.17208959999998
12.12,1212,0.004,-0.998,0.046,2.291832,0.6302538000000001,-1.2605076000000002,91.61025462,0.28647900000000004,-75.16063044
12.13,1213,0.008,-1.003,0.045,2.2345362,0.4583664000000001,-0.9740286,91.62171378,0.32658606,-75.14917127999998
12.14,1214,0.006,-1.009,0.047,2.4064236,-0.057295800000000015,-0.572958,91.6446321,0.33231564,-75.14917127999998
12.15,1215,0.0,-1.014,0.05,2.6356068,-0.6875496,-0.2291832000000001,91.67328,0.33804522,-75.15490086000001
12.16,1216,-0.008,-1.015,0.05,2.4064236,-0.572958,-0.11459160000000004,91.69619832,0.33804522,-75.16063044
12.17,1217,-0.015,-1.013,0.045,2.0053530000000004,-0.11459160000000004,-0.2291832000000001,91.71911664,0.3437748,-75.16063044
12.18,1218,-0.021,-1.007,0.04,1.5469866,0.2291832000000001,-0.572958,91.68473916,0.25783110000000004,-75.18927834
12.19,1219,-0.019,-1.006,0.041,1.3750992,0.8594370000000001,-0.8594370000000001,91.70192790000002,0.26356068,-75.17781918
12.2,1220,-0.014,-1.003,0.04,1.3750992,1.8334656000000005,-1.0886202,91.71338706000002,0.27501984,-75.16063044
12.21,1221,-0.01,-1.003,0.039,1.6615782,2.7501984,-0.9740286,91.7305758,0.28074942,-75.13198254
12.22,1222,-0.01,-1.003,0.043,2.1199446,3.380452200000001,-0.8021411999999999,91.75349412,0.28647900000000004,-75.09760506
12.23,1223,-0.011,-1.005,0.047,2.7501984,3.6096354,-0.7448454000000001,91.77641244,0.27501984,-75.06895716
12.24,1224,-0.011,-1.006,0.049,3.5523396000000003,3.4377480000000005,-0.8021411999999999,91.81078992,0.28074942,-75.03457968000002
12.25,1225,-0.009000000000000001,-1.006,0.053,3.9534102,3.3231564,-0.8021411999999999,91.85089698,0.29220857999999994,-75.0002022
12.26,1226,-0.001,-1.006,0.053,3.9534102,3.3231564,-0.9167328,91.89100404,0.29793816,-74.96582472
12.27,1227,0.004,-1.006,0.054000000000000006,3.4950437999999995,3.5523396000000003,-0.8594370000000001,91.92538152,0.30366774,-74.93144724
12.28,1228,0.005,-1.01,0.053,2.8074942000000003,3.8388186,-0.6302538000000001,91.94829984,0.31512690000000004,-74.88561059999998
12.290000000000001,1229,0.004,-1.012,0.055,2.2345362,4.4117766,-0.286479,91.97121816,0.32085648,-74.83977395999997
12.3,1230,0.0,-1.014,0.058,2.2345362,5.2139178,0.0,91.99413648,0.31512690000000004,-74.78820774
12.31,1231,-0.002,-1.015,0.056,2.0053530000000004,5.72958,0.286479,92.0170548,0.30939732,-74.73091194
12.32,1232,-0.004,-1.016,0.051,1.8334656000000005,5.72958,0.4010706,92.03424354,0.30366774,-74.67934572
12.33,1233,-0.006,-1.012,0.05,1.7761698,5.5576926,0.3437748,92.03997312,0.28074942,-74.62204992
12.34,1234,-0.006999999999999999,-1.009,0.05,1.8334656000000005,5.2139178,0.1718874,92.05716186,0.27501984,-74.57048370000003
12.35,1235,-0.004,-1.007,0.049,1.8907613999999997,5.2712136,0.1718874,92.08008018,0.27501984,-74.51891748
12.36,1236,0.0,-1.004,0.049,1.8907613999999997,5.3285094000000015,0.0,92.09726892,0.26929026,-74.46735126
12.37,1237,0.002,-1.003,0.047,1.9480572,5.5576926,-0.057295800000000015,92.11445766,0.26929026,-74.41005546
12.38,1238,0.008,-1.005,0.049,1.9480572,5.72958,-0.11459160000000004,92.12591682,0.28074942,-74.34703008
12.39,1239,0.011,-1.007,0.049,1.6615782,5.3285094000000015,-0.11459160000000004,92.13737598,0.28074942,-74.29546386000001
12.4,1240,0.011,-1.008,0.048,1.6615782,4.6409598,-0.1718874,92.15456472,0.28074942,-74.24962722000002
12.41,1241,0.011,-1.009,0.049,1.9480572,4.010706000000001,-0.057295800000000015,92.17748304,0.27501984,-74.20952016
12.42,1242,0.01,-1.01,0.045,2.0626488000000003,3.4950437999999995,0.0,92.19467178,0.27501984,-74.17514268
12.43,1243,0.006999999999999999,-1.009,0.047,2.4064236,2.8074942000000003,0.057295800000000015,92.19467178,0.28647900000000004,-74.14649478
12.44,1244,0.004,-1.01,0.048,2.5210152000000003,2.4064236,0.057295800000000015,92.2175901,0.28074942,-74.11784688
12.45,1245,0.002,-1.01,0.051,2.6929026,2.6929026,0.0,92.246238,0.28074942,-74.09492856
12.46,1246,0.004,-1.009,0.055,2.8074942000000003,3.3231564,-0.1718874,92.2748859,0.28074942,-74.06055108000002
12.47,1247,0.005,-1.005,0.056,2.6929026,3.724227,-0.3437748,92.3035338,0.28074942,-74.02044402
12.48,1248,0.006,-1.003,0.056,2.6356068,3.6669312000000014,-0.3437748,92.31499296,0.29793816,-73.98033696
12.49,1249,0.006,-1.004,0.057,2.6356068,3.2085648,-0.2291832000000001,92.34364086,0.29793816,-73.94595948
12.5,1250,0.005,-1.007,0.056,2.6929026,2.5210152000000003,0.0,92.37228876,0.29220857999999994,-73.92304116
12.51,1251,0.003,-1.009,0.054000000000000006,2.6929026,1.6615782,0.0,92.39520708,0.29220857999999994,-73.90585242
12.52,1252,0.002,-1.01,0.055,2.7501984,1.2605076000000002,0.0,92.42385498,0.29220857999999994,-73.89439326
12.53,1253,0.002,-1.011,0.057,2.5210152000000003,1.0313244,-0.11459160000000004,92.44104372,0.29793816,-73.88293409999999
12.540000000000001,1254,0.003,-1.011,0.063,2.0626488000000003,0.8021411999999999,-0.2291832000000001,92.45823246,0.29793816,-73.87147494000001
12.55,1255,0.004,-1.009,0.066,1.3750992,0.9167328,-0.4583664000000001,92.4754212,0.30366774,-73.86574535999998
12.56,1256,0.005,-1.006,0.069,0.8594370000000001,0.9740286,-0.5156622000000001,92.48115077999998,0.30939732,-73.8542862
12.57,1257,0.005,-1.009,0.067,0.5156622000000001,1.0313244,-0.3437748,92.48688036,0.30939732,-73.84282704
12.58,1258,0.006999999999999999,-1.011,0.067,0.5156622000000001,1.0313244,-0.057295800000000015,92.5040691,0.34950438,-73.81990872
12.59,1259,0.006,-1.015,0.062,0.4010706,0.6302538000000001,0.1718874,92.5040691,0.34950438,-73.81417914
12.6,1260,0.0,-1.014,0.057,0.572958,0.057295800000000015,0.4010706,92.50979868,0.3437748,-73.81417914
12.61,1261,-0.006,-1.012,0.056,0.6875496,-0.1718874,0.4010706,92.52125784,0.33804522,-73.81417914
12.62,1262,-0.006999999999999999,-1.008,0.058,0.6875496,-0.5156622000000001,0.2291832000000001,92.52698742,0.33804522,-73.81990872
12.63,1263,0.001,-1.006,0.063,0.6875496,-0.6302538000000001,0.1718874,92.50979868,0.36096354,-73.81990872
12.64,1264,0.011,-1.003,0.065,0.3437748,-0.4010706,0.1718874,92.51552826,0.36096354,-73.82563830000002
12.65,1265,0.014,-1.001,0.063,-0.1718874,-0.3437748,0.2291832000000001,92.51552826,0.36096354,-73.82563830000002
12.66,1266,0.006,-1.004,0.059,-0.4010706,-0.6875496,0.3437748,92.50979868,0.35523396,-73.83709746000002
12.67,1267,-0.003,-1.007,0.059,0.11459160000000004,-1.145916,0.4583664000000001,92.50979868,0.35523396,-73.84855662
12.68,1268,-0.008,-1.007,0.06,0.572958,-1.3750992,0.4583664000000001,92.5040691,0.30939732,-73.87147494000001
12.69,1269,-0.011,-1.004,0.062,0.7448454000000001,-1.3750992,0.4010706,92.50979868,0.30939732,-73.88866368000002
12.7,1270,-0.013,-1.0,0.066,0.8021411999999999,-1.0886202,0.3437748,92.52125784,0.30366774,-73.90012284
12.71,1271,-0.011,-1.001,0.07,0.7448454000000001,-0.3437748,0.286479,92.52698742,0.30366774,-73.90012284
12.72,1272,-0.006,-1.004,0.068,0.057295800000000015,0.5156622000000001,0.3437748,92.52698742,0.29793816,-73.89439326
12.73,1273,0.001,-1.005,0.058,-0.6302538000000001,0.9167328,0.286479,92.46969162,0.30939732,-73.88293409999999
12.74,1274,0.005,-1.005,0.052000000000000005,-0.6875496,0.4010706,0.4010706,92.46396204,0.30939732,-73.88293409999999
12.75,1275,0.004,-1.007,0.053,-0.4010706,-0.6302538000000001,0.4583664000000001,92.45823246,0.30366774,-73.88866368000002
12.76,1276,0.001,-1.009,0.055,-0.2291832000000001,-1.3178034,0.4010706,92.45823246,0.29793816,-73.90012284
12.77,1277,-0.004,-1.007,0.055,-0.1718874,-1.6042823999999998,0.4583664000000001,92.45250288,0.29793816,-73.91731158
12.78,1278,-0.006999999999999999,-1.007,0.056,-0.1718874,-1.5469866,0.3437748,92.4181254,0.25210152,-73.94595948
