TimeStamp(s),FrameCounter,AccX,AccY,AccZ,GyrX,GyrY,GyrZ,EulerX,EulerY,EulerZ
0.01,1,0.038,-1.013,0.01,-1.7761698000000001,-3.4950437999999995,-0.11459160000000004,87.70268106,2.4350715000000003,-20.34573858
0.02,2,0.04,-1.0070000000000001,0.009000000000000001,-0.572958,-3.8961144,-0.057295800000000015,87.69695148,2.4350715000000003,-20.38584564
0.03,3,0.039,-1.008,0.009000000000000001,-0.572958,-3.8388186,-0.057295800000000015,87.68549232000002,2.4350715000000003,-20.4259527
0.04,4,0.038,-1.0070000000000001,0.008,-0.5156622000000001,-3.8388186,-0.11459160000000004,87.67976274,2.44080108,-20.46033018
0.05,5,0.038,-1.006,0.008,-0.572958,-3.7242269999999995,-0.1718874,87.70268106,2.44653066,-20.50616682
0.060000000000000005,6,0.038,-1.006,0.009000000000000001,-0.6302538000000001,-3.7815228,-0.1718874,87.69122189999999,2.45226024,-20.54627388
0.06999999999999999,7,0.038,-1.006,0.009000000000000001,-0.8021411999999999,-3.5523396000000003,-0.286479,87.68549232000002,2.45226024,-20.58065136
0.08,8,0.037000000000000005,-1.004,0.008,-0.8594370000000001,-3.4377480000000005,-0.286479,87.67403316,2.45226024,-20.61502884
0.09,9,0.037000000000000005,-1.005,0.004,-0.8021411999999999,-3.7242269999999995,-0.2291832000000001,87.66257399999998,2.45798982,-20.6551359
0.09999999999999999,10,0.036000000000000004,-1.005,0.006,-0.6875496,-4.0680017999999984,-0.1718874,87.67976274,2.4637194,-20.70097254
0.11,11,0.037000000000000005,-1.005,0.006,-0.5156622000000001,-4.0680017999999984,-0.1718874,87.67403316,2.4637194,-20.7410796
0.12,12,0.038,-1.006,0.006999999999999999,-0.40107059999999994,-3.8961144,-0.2291832000000001,87.66830358,2.4637194,-20.78118666
0.13,13,0.038,-1.0070000000000001,0.008,-0.286479,-3.9534102,-0.1718874,87.66257399999998,2.46944898,-20.82129372
0.14,14,0.036000000000000004,-1.0070000000000001,0.009000000000000001,-0.40107059999999994,-4.1825934,-0.11459160000000004,87.66257399999998,2.46944898,-20.86140078
0.15000000000000002,15,0.035,-1.008,0.01,-0.572958,-4.4117766,-0.057295800000000015,87.67976274,2.46944898,-20.912967
0.16,16,0.034,-1.0070000000000001,0.01,-0.9167328000000001,-4.4690724,0.0,87.66830358,2.46944898,-20.95880364
0.17,17,0.033,-1.008,0.01,-1.0886202,-4.4690724,0.0,87.65684442,2.46944898,-20.9989107
0.18000000000000002,18,0.033,-1.0090000000000001,0.009000000000000001,-1.0313244000000001,-4.6409598,-0.11459160000000004,87.64538526,2.46944898,-21.05047692
0.19,19,0.034,-1.011,0.006999999999999999,-0.8594370000000001,-4.9847346,-0.1718874,87.6339261,2.46944898,-21.09631356
0.2,20,0.036000000000000004,-1.013,0.006999999999999999,-0.9167328000000001,-5.2712136,-0.40107059999999994,87.63965568,2.47517856,-21.15360936
0.21000000000000002,21,0.04,-1.01,0.009000000000000001,-1.2605076000000002,-5.3858052,-0.40107059999999994,87.62819652,2.48090814,-21.21090516
0.22,22,0.042,-1.008,0.01,-1.6615782,-5.5003968,-0.1718874,87.61100778,2.48090814,-21.26247138
0.23,23,0.040999999999999995,-1.004,0.01,-1.9480572,-5.6149884000000005,0.0,87.58808946,2.48090814,-21.31976718
0.24000000000000002,24,0.036000000000000004,-1.003,0.011000000000000001,-2.0053530000000004,-5.443101,0.0,87.56517113999998,2.48090814,-21.37706298
0.25,25,0.032,-1.006,0.011000000000000001,-2.1772404,-4.9847346,-0.2291832000000001,87.55944156000002,2.48090814,-21.4286292
0.26,26,0.028999999999999998,-1.0070000000000001,0.009000000000000001,-2.291832,-4.3544808,-0.4583664000000001,87.53652324,2.48663772,-21.46873626
0.27,27,0.027000000000000003,-1.0090000000000001,0.008,-2.4064236,-4.4117766,-0.6302538000000001,87.50787534,2.4923672999999997,-21.5145729
0.28,28,0.027000000000000003,-1.01,0.008,-2.6356068,-4.5263682,-0.6302538000000001,87.47922744,2.49809688,-21.56040954
0.29000000000000004,29,0.028999999999999998,-1.011,0.01,-2.9220858,-4.6409598,-0.4583664000000001,87.45057954,2.49809688,-21.60624618
0.3,30,0.03,-1.011,0.011000000000000001,-3.0939732,-4.583664,-0.40107059999999994,87.43912037999998,2.49809688,-21.6578124
0.31,31,0.031,-1.011,0.013999999999999999,-3.380452200000001,-4.297185,-0.5156622000000001,87.39901332,2.50382646,-21.69791946
0.32,32,0.032,-1.012,0.016,-3.4950437999999995,-4.3544808,-0.5156622000000001,87.36463583999998,2.50955604,-21.743756100000002
0.33,33,0.034,-1.012,0.017,-3.9534102,-4.4117766,-0.4583664000000001,87.32452878000002,2.50955604,-21.78959274
0.34,34,0.036000000000000004,-1.01,0.018000000000000002,-4.583664,-4.6409598,-0.40107059999999994,87.27296256,2.51528562,-21.83542938
0.35000000000000003,35,0.038,-1.0090000000000001,0.019,-5.1566220000000005,-4.9274388,-0.40107059999999994,87.23858508000002,2.5210152000000003,-21.886995600000002
0.36000000000000004,36,0.038,-1.0090000000000001,0.02,-5.7868758000000025,-5.0993262,-0.40107059999999994,87.18128928,2.52674478,-21.93856182
0.37,37,0.038,-1.0070000000000001,0.024,-6.6463128000000005,-5.3858052,-0.5156622000000001,87.11253432000002,2.52674478,-21.99585762
0.38,38,0.036000000000000004,-1.011,0.024,-7.734933000000002,-5.5003968,-0.6875496,87.03232019999999,2.53247436,-22.05315342
0.39,39,0.038,-1.0190000000000001,0.022000000000000002,-9.3392154,-5.958763200000001,-0.8021411999999999,86.93491734,2.53820394,-22.11044922
0.4,40,0.040999999999999995,-1.025,0.018000000000000002,-10.7716104,-6.875496000000001,-0.5156622000000001,86.83178489999996,2.54393352,-22.18493376
0.41000000000000003,41,0.044000000000000004,-1.031,0.013000000000000001,-12.318597,-8.136003599999999,-0.286479,86.70573413999998,2.54393352,-22.26514788
0.42000000000000004,42,0.045,-1.035,0.009000000000000001,-13.9228794,-9.3392154,-0.11459160000000004,86.56249464,2.54393352,-22.36255074
0.43,43,0.044000000000000004,-1.036,0.004,-15.469866,-10.5424272,-0.057295800000000015,86.40206640000002,2.53820394,-22.46568318
0.44,44,0.042,-1.033,-0.001,-17.0168526,-11.688343199999998,-0.286479,86.22444942,2.53247436,-22.58600436
0.45,45,0.035,-1.023,-0.002,-18.048177,-12.776963400000001,-0.8021411999999999,86.04110286,2.53820394,-22.7177847
0.46,46,0.027000000000000003,-1.014,-0.001,-18.5638392,-13.464512999999998,-1.7188740000000002,85.85202672,2.5496631,-22.84956504
0.47000000000000003,47,0.02,-1.004,0.003,-18.907614,-13.3499214,-2.9220858,85.65149142,2.56685184,-22.98707496
0.48000000000000004,48,0.021,-0.9990000000000001,0.0,-19.4232762,-13.0634424,-3.7242269999999995,85.45095612,2.59549974,-23.12458488
0.49,49,0.022000000000000002,-0.9990000000000001,-0.003,-19.8243468,-13.464512999999998,-4.1252976000000015,85.24469124,2.62987722,-23.2620948
0.5,50,0.015,-1.003,-0.003,-19.7097552,-13.2353298,-3.8961144,85.04988552,2.65279554,-23.39960472
0.51,51,0.008,-1.008,-0.001,-18.9649098,-12.2040054,-3.4377480000000005,84.8550798,2.68144344,-23.52565548
0.52,52,0.005,-1.014,-0.002,-18.334656,-10.828906199999999,-2.9793816000000004,84.66027408,2.69863218,-23.634517499999998
0.53,53,0.001,-1.015,0.003,-17.7044022,-9.2819196,-2.6929026,84.47692752,2.7215505,-23.73192036
0.54,54,0.001,-1.014,0.006,-16.902261,-7.161975,-2.4637194,84.30504012,2.73873924,-23.8064049
0.55,55,0.006,-1.012,0.001,-16.615782,-6.0160589999999985,-1.9480572,84.15034145999998,2.74446882,-23.869430280000003
0.56,56,0.009000000000000001,-1.01,-0.004,-16.558486199999994,-5.844171599999999,-1.5469866,83.97845406,2.75592798,-23.932455659999995
0.5700000000000001,57,0.013000000000000001,-1.008,-0.009000000000000001,-16.4438946,-6.0160589999999985,-1.0886202,83.81229624,2.76165756,-23.99548104
0.5800000000000001,58,0.019,-1.004,-0.02,-15.2406828,-7.161975,-0.8594370000000001,83.65186800000002,2.76165756,-24.064235999999998
0.59,59,0.022000000000000002,-1.003,-0.032,-12.4331886,-10.1413566,-0.9740286,83.52008766,2.76165756,-24.16736844
0.6,60,0.026000000000000002,-1.008,-0.038,-8.880849000000003,-15.126091199999998,-1.4896908000000002,83.43987354000002,2.76165756,-24.3220671
0.61,61,0.037000000000000005,-1.0170000000000001,-0.022000000000000002,-5.844171599999999,-20.1108258,-1.8334656000000005,83.37111858,2.76165756,-24.522602400000004
0.62,62,0.044000000000000004,-1.033,0.002,-4.6982555999999995,-24.1215318,-1.9480572,83.31382278,2.76165756,-24.76324476
0.63,63,0.044000000000000004,-1.046,0.037000000000000005,-7.0473834,-26.241476399999996,-1.7188740000000002,83.23360865999999,2.7501984,-25.02680544
0.64,64,0.033,-1.041,0.044000000000000004,-10.5424272,-26.8717302,-1.3178034,83.11328748,2.73873924,-25.29036612
0.65,65,0.024,-1.035,0.04,-11.0580894,-28.074942,-0.6875496,83.01015504,2.7215505,-25.57684512
0.66,66,0.017,-1.03,0.03,-9.6256944,-30.252182399999995,0.1718874,82.90129302,2.68717302,-25.87478328000001
0.67,67,0.016,-1.034,0.013000000000000001,-9.9694692,-33.116972399999995,1.2032118,82.79243100000002,2.6413363800000003,-26.20136934000001
0.68,68,0.021,-1.037,0.005,-12.261301199999998,-35.46610020000001,2.291832,82.65492108,2.58404058,-26.54514414
0.6900000000000001,69,0.021,-1.023,0.008,-13.3499214,-36.898495200000006,3.3231564,82.50595200000002,2.51528562,-26.90610768
0.7000000000000001,70,0.015,-1.003,0.0,-13.521808800000002,-37.9871154,3.8388186,82.36844208,2.4350715000000003,-27.27853038
0.7100000000000001,71,0.004,-0.986,-0.019,-13.9228794,-38.90384820000001,3.380452200000001,82.219473,2.35485738,-27.65668266
0.72,72,-0.005,-0.97,-0.038,-14.266654199999998,-39.3622146,2.4637194,82.06477434,2.28610242,-28.0462941
0.73,73,-0.008,-0.958,-0.055999999999999994,-14.438541599999999,-39.9351726,1.432395,81.90434609999998,2.22880662,-28.43590554
0.74,74,-0.01,-0.956,-0.069,-14.438541599999999,-40.680018,0.9167328000000001,81.74964744,2.17151082,-28.83697614
0.75,75,-0.006,-0.9540000000000001,-0.08199999999999999,-14.0947668,-41.4821592,0.8594370000000001,81.60067836,2.10848544,-29.24377632
0.76,76,-0.003,-0.9540000000000001,-0.095,-13.407217200000002,-42.2270046,1.145916,81.45170928,2.04546006,-29.65630608
0.77,77,-0.006999999999999999,-0.9490000000000001,-0.10400000000000001,-12.4331886,-42.91455420000001,1.432395,81.31992894,1.9767051,-30.080295
0.78,78,-0.013999999999999999,-0.94,-0.10400000000000001,-11.5737516,-43.20103320000001,1.5469866,81.19387818,1.90795014,-30.498554340000005
0.79,79,-0.027000000000000003,-0.929,-0.099,-11.2299768,-42.5707794,1.4896908000000002,81.06782741999999,1.83919518,-30.91681368
0.8,80,-0.035,-0.919,-0.1,-10.7143146,-40.90920120000001,1.4896908000000002,80.95323582,1.76471064,-31.3121547
0.81,81,-0.040999999999999995,-0.919,-0.106,-9.3392154,-38.61736920000001,1.9480572,80.85583296,1.6902260999999998,-31.690306979999995
0.8200000000000001,82,-0.044000000000000004,-0.925,-0.107,-7.5630456000000015,-35.695283399999994,2.5210152000000003,80.76988926,1.62147114,-32.03981136
0.8300000000000001,83,-0.045,-0.934,-0.106,-6.990087599999999,-32.372127,3.2658606,80.69540472,1.5412570200000002,-32.34920868
0.8400000000000001,84,-0.048,-0.9420000000000001,-0.106,-6.875496000000001,-29.1062664,4.010706000000001,80.62092018,1.46677248,-32.6299581
0.85,85,-0.05,-0.946,-0.109,-7.6203414,-25.78311,4.3544808,80.54643564,1.36936962,-32.87060046000001
0.86,86,-0.047,-0.9440000000000001,-0.11599999999999999,-8.9381448,-21.485925,4.3544808,80.44903278000002,1.30061466,-33.07686534
0.87,87,-0.044000000000000004,-0.9420000000000001,-0.124,-10.2559482,-16.959556799999998,4.3544808,80.34590034,1.2318597,-33.23729358
0.88,88,-0.045,-0.946,-0.128,-11.5164558,-12.891555,4.3544808,80.22557916000002,1.1688343199999998,-33.357614760000004
0.89,89,-0.05,-0.9620000000000001,-0.129,-13.521808800000002,-8.193299399999999,4.3544808,80.08806924,1.11153852,-33.432099300000004
0.9,90,-0.059000000000000004,-0.995,-0.133,-16.7303736,-3.1512689999999997,4.1252976000000015,79.92191142,1.04278356,-33.44928804
0.91,91,-0.07200000000000001,-1.037,-0.133,-19.480572,2.3491277999999998,3.7242269999999995,79.72710570000002,1.00840608,-33.42064014
0.92,92,-0.083,-1.072,-0.133,-21.314037600000002,8.250595200000001,3.0366774,79.50938166,0.98548776,-33.33469644
0.93,93,-0.081,-1.081,-0.133,-21.829699800000004,14.266654199999998,2.2345362,79.29165762,0.98548776,-33.19145694
0.9400000000000001,94,-0.059000000000000004,-1.061,-0.133,-20.5118964,21.5432208,1.6615782,79.07966316,1.0026765,-32.97946248
0.9500000000000001,95,-0.021,-1.0270000000000001,-0.12300000000000001,-18.334656,28.4760126,1.432395,78.90204618,1.0313244000000001,-32.70444264
0.9600000000000001,96,0.031,-0.988,-0.10400000000000001,-16.558486199999994,32.257535399999995,1.5469866,78.73588836,1.06570188,-32.38358616
0.97,97,0.07,-0.9620000000000001,-0.087,-14.7823164,34.37748,2.291832,78.58691927999998,1.10007936,-32.04554094
0.98,98,0.105,-0.953,-0.064,-13.5791046,34.3201842,3.3231564,78.44940936,1.12299768,-31.70749572
0.99,99,0.129,-0.966,-0.039,-13.636400400000001,32.085648000000006,4.010706000000001,78.31189943999998,1.14018642,-31.38663924
1.0,100,0.13699999999999998,-1.0090000000000001,-0.013000000000000001,-14.266654199999998,29.220858000000003,4.5263682,78.19157826,1.16310474,-31.111619399999995
1.01,101,0.129,-1.081,0.015,-15.469866,26.1268848,4.010706000000001,78.03687959999998,1.1688343199999998,-30.84805872
1.02,102,0.12,-1.136,0.037000000000000005,-16.615782,22.86102420000001,2.291832,77.87072178,1.18602306,-30.624605100000004
1.03,103,0.107,-1.172,0.065,-17.0741484,20.6837838,-0.5156622000000001,77.69883438,1.22613012,-30.424069799999995
1.04,104,0.096,-1.178,0.08,-17.589810600000003,20.168121600000006,-3.8961144,77.52121740000003,1.30061466,-30.234993660000004
1.05,105,0.085,-1.172,0.084,-17.9908812,21.142150199999996,-7.5057497999999985,77.36651874,1.4209358399999998,-30.057376680000004
1.06,106,0.075,-1.157,0.08,-18.9649098,22.6891368,-10.5424272,77.17171302,1.56417534,-29.86257096
1.07,107,0.073,-1.138,0.069,-21.142150199999996,24.7517856,-12.6623718,76.95971856,1.73606274,-29.6505765
1.08,108,0.073,-1.111,0.054000000000000006,-23.835052800000003,27.215505,-13.8082878,76.72480578,1.9194093000000003,-29.421393300000002
1.09,109,0.071,-1.082,0.017,-26.356068,29.335449600000004,-13.980175199999998,76.46124510000001,2.11421502,-29.16929178
1.1,110,0.059000000000000004,-1.053,-0.021,-28.9916748,32.4294228,-13.464512999999998,76.18622526,2.30902074,-28.89427194
1.11,111,0.05,-1.0190000000000001,-0.046,-30.595957199999997,35.9244666,-12.891555,75.88255752,2.50955604,-28.579145040000004
1.12,112,0.045,-0.988,-0.064,-31.3980984,39.1330314,-12.318597,75.57316019999998,2.71009134,-28.23537024
1.1300000000000001,113,0.049,-0.958,-0.073,-31.2835068,41.252976000000004,-11.745639,75.26949246000002,2.91062664,-27.86867712
1.1400000000000001,114,0.059000000000000004,-0.924,-0.078,-31.111619399999995,42.7999626,-11.1153852,74.96582472,3.11116194,-27.48479526
1.1500000000000001,115,0.08,-0.8909999999999999,-0.086,-31.2835068,44.0031744,-10.5424272,74.67361614000002,3.31742682,-27.09518382
1.1600000000000001,116,0.10800000000000001,-0.867,-0.092,-32.0283522,44.06047020000001,-9.9121734,74.3699484,3.5122325400000003,-26.69984280000001
1.17,117,0.138,-0.853,-0.10099999999999999,-32.658606,42.742666799999995,-9.3392154,74.0548215,3.70130868,-26.315960940000004
1.18,118,0.158,-0.855,-0.10300000000000001,-32.830493399999995,40.5654264,-8.479778399999999,73.73969459999998,3.87892566,-25.954997400000003
1.19,119,0.17600000000000002,-0.8640000000000001,-0.106,-32.658606,38.961144,-7.2765666,73.4245677,4.04508348,-25.60549302
1.2,120,0.18,-0.88,-0.099,-31.455394199999997,37.41415739999999,-6.0160589999999985,73.1380887,4.211241299999998,-25.27317738
1.21,121,0.182,-0.899,-0.08800000000000001,-29.9657034,35.809875,-4.9847346,72.85733927999998,4.34875122,-24.946591320000003
1.22,122,0.18100000000000002,-0.9109999999999999,-0.07400000000000001,-27.6738714,34.3201842,-4.0680017999999984,72.5937786,4.4748019800000005,-24.637194
1.23,123,0.18,-0.925,-0.057,-24.1788276,32.2002396,-3.5523396000000003,72.36459540000001,4.59512316,-24.33925584
1.24,124,0.188,-0.94,-0.043,-21.314037600000002,29.5646328,-3.5523396000000003,72.16978968,4.70971476,-24.06996558
1.25,125,0.20600000000000002,-0.946,-0.018000000000000002,-19.308684600000007,26.41336380000001,-3.6669312000000014,72.02655018,4.8414951,-23.84651196
1.26,126,0.217,-0.9470000000000001,-0.002,-16.157415599999997,20.6837838,-3.7242269999999995,71.87185152,4.93316838,-23.663165399999997
1.27,127,0.222,-0.9520000000000001,-0.004,-13.0634424,16.8449652,-4.3544808,71.75153034,5.01911208,-23.5199259
1.28,128,0.225,-0.951,-0.02,-10.828906199999999,14.381245800000002,-4.9847346,71.6483979,5.11078536,-23.39960472
1.29,129,0.213,-0.948,-0.037000000000000005,-9.453807,11.802934800000001,-5.443101,71.55672462,5.19099948,-23.30220186
1.3,130,0.196,-0.9329999999999999,-0.027999999999999997,-6.875496000000001,7.5057497999999985,-5.2139178,71.5911021,5.3285094000000015,-23.28501312
1.31,131,0.163,-0.9259999999999999,-0.015,-2.9220858,2.4064236,-4.4690724,71.5624542,5.37434604,-23.27355396
1.32,132,0.124,-0.943,-0.011000000000000001,0.286479,-1.4896908000000002,-4.0680017999999984,71.5624542,5.40872352,-23.30220186
1.33,133,0.096,-0.965,0.018000000000000002,3.4377480000000005,-2.86479,-4.297185,71.59683168000002,5.443101,-23.34230892
1.34,134,0.086,-0.9840000000000001,0.035,6.6463128000000005,-2.6356068,-4.583664,71.65985706000002,5.47747848,-23.38241598
1.35,135,0.08900000000000001,-1.013,0.018000000000000002,7.9641161999999985,0.286479,-4.8701430000000006,71.85466278,5.54623344,-23.41106388
1.36,136,0.10300000000000001,-1.073,-0.008,9.396511199999999,7.6203414,-6.4744254,71.95206564,5.63217714,-23.35949766
1.37,137,0.121,-1.166,-0.059000000000000004,9.0527364,20.5118964,-9.8548776,72.06092766,5.781146219999999,-23.19333984
1.3800000000000001,138,0.147,-1.244,-0.122,9.9121734,33.2888598,-13.9228794,72.18124884,6.01032942,-22.91259042
1.3900000000000001,139,0.17,-1.296,-0.183,11.8602306,36.4401288,-15.5844576,72.33021792000002,6.25670136,-22.61465226
1.4000000000000001,140,0.17600000000000002,-1.3419999999999999,-0.253,14.32395,31.340802600000004,-14.8396122,72.5078349,6.48588456,-22.35682116000001
1.4100000000000001,141,0.157,-1.365,-0.243,14.610429000000002,26.356068,-13.178034,72.67399272,6.686419860000001,-22.14482670000001
1.42,142,0.168,-1.3719999999999999,-0.261,7.906820400000001,25.0382646,-10.313244000000001,72.77712516,6.85257768,-21.93283224
1.43,143,0.21,-1.33,-0.271,6.589017,25.3247436,-7.1046792000000005,72.86879844,6.990087599999999,-21.70937862000001
1.44,144,0.267,-1.218,-0.263,10.7143146,18.9649098,-0.9740286,72.9948492,7.0473833999999975,-21.52603206
1.45,145,0.298,-1.121,-0.253,17.761698000000006,4.2398892,7.1046792000000005,73.1953845,7.018735500000001,-21.47446584
1.46,146,0.313,-1.058,-0.255,22.345361999999998,-10.657018800000001,14.266654199999998,73.41310854000002,6.858307260000001,-21.53749122
1.47,147,0.34700000000000003,-1.006,-0.263,22.803728399999997,-21.944291399999997,18.162768600000003,73.63083258,6.63485364,-21.69218988
1.48,148,0.38299999999999995,-0.9640000000000001,-0.287,20.626488000000002,-29.2781538,17.589810600000003,73.81990872,6.39421128,-21.92710266
1.49,149,0.406,-0.938,-0.32,17.3606274,-33.804522,12.2040054,73.96887779999999,6.19367598,-22.219311240000003
1.5,150,0.386,-0.945,-0.308,13.407217200000002,-37.586044799999996,2.6929026,74.07201024000003,6.113461859999999,-22.58600436
1.51,151,0.321,-0.978,-0.303,8.5370742,-38.445481799999996,-5.1566220000000005,74.12357646,6.0733548000000015,-22.96988622
1.52,152,0.23199999999999998,-1.004,-0.32299999999999995,3.1512689999999997,-39.47680620000001,-10.2559482,74.11784688,6.0733548000000015,-23.376686399999997
1.53,153,0.14800000000000002,-1.011,-0.32799999999999996,-1.3178034,-40.393539000000004,-12.2040054,74.06055108000002,6.09054354,-23.80067532
1.54,154,0.08,-1.014,-0.32799999999999996,-4.8701430000000006,-40.393539000000004,-11.172680999999999,73.97460738,6.09627312,-24.21893466
1.55,155,0.023,-1.018,-0.32899999999999996,-6.7609043999999985,-39.820581,-8.5370742,73.86001578,6.067625219999999,-24.62000526
1.56,156,-0.03,-1.02,-0.321,-6.2452422,-39.820581,-4.9274388,73.75688333999999,6.016058999999999,-25.02107586
1.57,157,-0.076,-1.004,-0.284,-3.380452200000001,-40.33624320000001,-0.3437748,73.68812838,5.9129265600000025,-25.41068730000001
1.58,158,-0.095,-0.9740000000000001,-0.235,2.8074942000000003,-41.883229799999995,5.2139178,73.6823988,5.7582279000000005,-25.79456916
1.59,159,-0.08199999999999999,-0.94,-0.209,6.5317212,-42.1697088,8.880849000000003,73.71677628,5.56915176,-26.17845102
1.6,160,-0.038,-0.909,-0.19699999999999998,8.021412000000002,-41.4248634,11.0580894,73.77407208,5.3456981400000005,-26.53941456
1.61,161,0.013999999999999999,-0.8759999999999999,-0.18899999999999997,8.307891,-40.7373138,11.745639,73.83136787999999,5.13370368,-26.89464852
1.62,162,0.077,-0.85,-0.188,7.5630456000000015,-40.6227222,11.172680999999999,73.88293409999999,4.9274388,-27.25561206
1.6300000000000001,163,0.134,-0.8340000000000001,-0.18600000000000005,6.130650599999999,-41.1383844,9.7975818,73.91731158,4.73263308,-27.62230518
1.6400000000000001,164,0.163,-0.8170000000000001,-0.179,4.3544808,-43.1437374,8.5370742,73.94022989999998,4.54355694,-28.017646199999994
1.6500000000000001,165,0.161,-0.8,-0.17300000000000001,3.2658606,-46.1804148,7.734933000000002,73.95168906,4.37166954,-28.44163512
1.6600000000000001,166,0.126,-0.7879999999999999,-0.165,1.0886202,-51.4516284,7.3911582,73.93450032,4.17113424,-28.91719026
1.6700000000000002,167,0.075,-0.779,-0.157,-0.8594370000000001,-54.6601932,6.7609043999999985,73.89439326,3.97059894,-29.421393300000002
1.68,168,0.021,-0.774,-0.16399999999999998,-3.0939732,-55.40503860000001,5.443101,73.83709746000002,3.7815228,-29.9370555
1.69,169,-0.026000000000000002,-0.7709999999999999,-0.18,-4.9274388,-54.43101,3.2658606,73.76261292000002,3.61536498,-30.452717699999997
1.7,170,-0.066,-0.774,-0.18899999999999997,-6.130650599999999,-52.6548402,0.40107059999999994,73.67093964,3.46066632,-30.95119116
1.71,171,-0.092,-0.79,-0.18100000000000002,-5.958763200000001,-49.9619376,-2.291832,73.59072552,3.35753388,-31.43820546
1.72,172,-0.111,-0.821,-0.16699999999999998,-6.3025379999999975,-46.409597999999995,-4.010706000000001,73.50478182,3.27731976,-31.89084228
1.73,173,-0.11699999999999999,-0.865,-0.163,-6.589017,-42.97185,-4.6409598,73.41883812,3.214294380000001,-32.32056078
1.74,174,-0.115,-0.912,-0.147,-6.130650599999999,-38.5027776,-4.5263682,73.34435358,3.15699858,-32.69871306
1.75,175,-0.099,-0.945,-0.131,-5.443101,-34.7785506,-4.1252976000000015,73.29278736,3.07678446,-33.03675828
1.76,176,-0.078,-0.968,-0.12,-3.7815228,-31.111619399999995,-3.8961144,73.24122114,3.0366774000000003,-33.3461556
1.77,177,-0.052000000000000005,-0.9840000000000001,-0.107,-1.3178034,-27.6165756,-3.9534102,73.21830281999998,3.00229992,-33.62117544
1.78,178,-0.028999999999999998,-0.9890000000000001,-0.086,1.2032118,-25.152856200000002,-4.0680017999999984,73.21830281999998,2.9736520200000003,-33.87327696
1.79,179,-0.011000000000000001,-0.99,-0.055,2.9793816000000004,-23.9496444,-4.2398892,73.24122114,2.9564632800000004,-34.113919319999994
1.8,180,-0.001,-0.9840000000000001,-0.038,3.9534102,-23.777757,-4.3544808,73.31570568,2.92781538,-34.35456168
1.81,181,0.003,-0.963,-0.024,4.9847346,-24.1215318,-4.6409598,73.35581274,2.91062664,-34.59520404
1.82,182,-0.001,-0.9390000000000001,-0.02,6.417129599999999,-25.0955604,-4.7555514,73.41310854000002,2.8934379,-34.84730556
1.83,183,-0.01,-0.91,-0.019,7.734933000000002,-24.4653066,-5.3858052,73.4818635,2.88197874,-35.09940708000001
1.84,184,-0.021,-0.889,-0.006999999999999999,9.568398599999998,-21.2567418,-5.9014674000000005,73.57353678,2.88770832,-35.31713112
1.85,185,-0.032,-0.88,-0.005,11.2872726,-16.615782,-6.417129599999999,73.71677628,2.8934379,-35.48901852
1.86,186,-0.045,-0.8759999999999999,-0.027000000000000003,13.5791046,-12.5477802,-6.7609043999999985,73.84855662,2.92781538,-35.62652844
1.87,187,-0.065,-0.8759999999999999,-0.045,16.673077799999998,-8.7662574,-6.417129599999999,74.01471444,2.96792244,-35.72966088
1.8800000000000001,188,-0.086,-0.892,-0.027000000000000003,20.3973048,-4.1825934,-5.2712136,74.21524974,3.0137590800000003,-35.7812271
1.8900000000000001,189,-0.099,-0.9259999999999999,-0.002,22.345361999999998,-0.286479,-2.9220858,74.44443294,3.04240698,-35.78695668
1.9000000000000001,190,-0.086,-0.976,-0.024,22.1161788,1.6042823999999998,0.8021411999999999,74.71945278000003,3.00229992,-35.75830878
1.9100000000000001,191,-0.057,-1.044,-0.062,21.4286292,0.4583664000000001,4.3544808,74.93717682,2.96219286,-35.74112004000001
1.9200000000000002,192,-0.026000000000000002,-1.119,-0.107,20.454600600000006,-3.4377480000000005,7.734933000000002,75.14344170000003,2.88197874,-35.7525792
1.93,193,0.01,-1.163,-0.109,21.371333399999997,-9.682990199999999,10.599723,75.36116574,2.76165756,-35.81560458
1.94,194,0.04,-1.165,-0.064,23.0329116,-15.527161800000002,12.605075999999999,75.59034894,2.6069589,-35.93019618
1.95,195,0.062,-1.146,-0.021,21.5432208,-20.5118964,14.1520626,75.8309913,2.4350715000000003,-36.096354
1.96,196,0.07,-1.124,0.016,17.0741484,-23.0329116,14.209358400000001,75.99714911999997,2.25172494,-36.28543014
1.97,197,0.057,-1.169,-0.005,9.2819196,-22.4599536,13.0634424,76.0888224,2.07983754,-36.46877670000001
1.98,198,0.037000000000000005,-1.205,-0.08900000000000001,3.3231564,-17.131444199999994,11.45916,76.12319987999999,1.93086846,-36.60628662000001
1.99,199,0.004,-1.21,-0.152,6.0160589999999985,-7.2765666,10.886202,76.18049568,1.81054728,-36.65212326
2.0,200,-0.046,-1.225,-0.14300000000000002,12.1467096,1.3750992,12.4331886,76.31800559999998,1.6844965200000002,-36.60628662000001
2.01,201,-0.10800000000000001,-1.278,-0.12300000000000001,16.615782,5.72958,15.4125702,76.48989300000002,1.5469866,-36.51461334
2.02,202,-0.142,-1.338,-0.174,17.246035799999998,9.2819196,18.2200644,76.66750998,1.39228794,-36.38283300000001
2.03,203,-0.10800000000000001,-1.3730000000000002,-0.243,15.6990492,13.178034,20.8556712,76.82793822,1.22040054,-36.20521602
2.04,204,-0.022000000000000002,-1.3730000000000002,-0.293,13.750992000000002,10.1986524,24.809081399999997,76.97117771999999,1.0026765,-36.05051736
2.05,205,0.08,-1.329,-0.3670000000000001,11.2299768,6.2452422,29.4500412,77.08003973999998,0.73338624,-35.9244666
2.0599999999999996,206,0.129,-1.219,-0.41200000000000003,8.8235532,8.479778399999999,30.882436199999997,77.17171302,0.4526368200000001,-35.77549752
2.07,207,0.124,-1.101,-0.44299999999999995,3.380452200000001,16.2147114,27.7311672,77.20609049999999,0.21772404,-35.5520439
2.0799999999999996,208,0.053,-1.0490000000000002,-0.474,-4.583664,21.829699800000004,23.319390600000002,77.16025386,0.028647900000000007,-35.29421280000001
2.09,209,-0.059000000000000004,-1.042,-0.488,-11.3445684,25.78311,18.3919518,77.03993267999998,-0.09167328,-35.00200422
2.0999999999999996,210,-0.17,-1.05,-0.45899999999999996,-13.6936962,30.93973200000001,13.3499214,76.87950443999998,-0.18334656,-34.66395900000001
2.11,211,-0.23800000000000002,-1.073,-0.409,-11.802934800000001,35.0077338,9.453807,76.75345368,-0.20626488,-34.30872504
2.1199999999999997,212,-0.254,-1.105,-0.35100000000000003,-6.0160589999999985,37.4714532,7.734933000000002,76.68469872,-0.20626488,-33.92484318
2.13,213,-0.19,-1.095,-0.27899999999999997,0.572958,38.445481799999996,6.703608600000001,76.68469872,-0.19480572,-33.54096132
2.1399999999999997,214,-0.08,-1.034,-0.21600000000000005,7.1046792000000005,37.52874900000001,4.5263682,76.7477241,-0.16615782,-33.16280904
2.15,215,0.032,-0.98,-0.20199999999999999,9.682990199999999,35.0077338,1.8334656000000005,76.84512696,-0.09740286,-32.82476382
2.1599999999999997,216,0.12,-0.937,-0.19899999999999998,12.1467096,31.9710564,-0.3437748,76.95971856,-0.028647900000000007,-32.5153665
2.17,217,0.18100000000000002,-0.903,-0.166,14.7823164,29.736520199999998,-2.4637194,77.10868764,0.05156622,-32.2288875
2.1799999999999997,218,0.221,-0.885,-0.135,14.381245800000002,27.960350399999996,-4.583664,77.25192713999998,0.14896908,-31.971056400000002
2.19,219,0.23600000000000002,-0.867,-0.114,11.8602306,26.8717302,-6.875496000000001,77.36651874,0.26929026,-31.718954879999995
2.1999999999999997,220,0.22399999999999998,-0.85,-0.09699999999999999,10.1413566,26.69984280000001,-9.682990199999999,77.48111034,0.4526368200000001,-31.49550126
2.21,221,0.193,-0.8340000000000001,-0.08,8.5370742,27.1582092,-12.9488508,77.56705404,0.6302538000000001,-31.26058848000001
2.2199999999999998,222,0.16,-0.812,-0.077,5.7868758000000025,28.0176462,-15.011499599999999,77.62434984000002,0.8307891,-31.01994612
2.23,223,0.129,-0.784,-0.081,3.6669312000000014,28.1895336,-15.011499599999999,77.66445689999998,1.0313244000000001,-30.77930376
2.2399999999999998,224,0.11199999999999999,-0.7559999999999999,-0.08900000000000001,2.1199446,26.8717302,-13.464512999999998,77.68737522,1.20894138,-30.54439098000001
2.25,225,0.105,-0.736,-0.09,0.5156622000000001,23.491278,-10.7143146,77.69883438,1.3750992,-30.34385568
2.26,226,0.106,-0.726,-0.098,-1.3750992,17.6471064,-7.5630456000000015,77.68737522,1.4782316400000002,-30.18915702
2.27,227,0.11800000000000001,-0.725,-0.10400000000000001,-3.2658606,10.5424272,-4.6982555999999995,77.65299774,1.5412570200000002,-30.09748374
2.28,228,0.127,-0.731,-0.106,-5.1566220000000005,2.9793816000000004,-2.5210152000000003,77.60143152,1.5756344999999998,-30.07456542
2.29,229,0.156,-0.748,-0.11199999999999999,-7.7922288,-4.4117766,-1.0886202,77.52121740000003,1.5756344999999998,-30.12040206
2.3,230,0.183,-0.7759999999999999,-0.114,-11.0007936,-12.4904844,-0.4583664000000001,77.41808496,1.59855282,-30.25791198
2.31,231,0.203,-0.8109999999999999,-0.114,-13.2353298,-17.7044022,-0.4583664000000001,77.28057504,1.56417534,-30.43552896
2.32,232,0.21899999999999997,-0.852,-0.11,-15.183387000000002,-22.4026578,-0.6302538000000001,77.12587638,1.52979786,-30.653253000000007
2.3299999999999996,233,0.221,-0.8909999999999999,-0.107,-16.4438946,-26.642546999999997,-0.40107059999999994,76.95398897999998,1.4782316400000002,-30.91681368
2.34,234,0.218,-0.915,-0.102,-16.558486199999994,-30.080295,0.286479,76.78210157999997,1.41520626,-31.20902226
2.3499999999999996,235,0.20199999999999999,-0.9109999999999999,-0.094,-14.7250206,-32.142943800000005,1.432395,76.64459166,1.36936962,-31.52987874
2.36,236,0.17800000000000002,-0.893,-0.091,-11.0580894,-33.116972399999995,3.2658606,76.53000005999998,1.27196676,-31.84500564
2.3699999999999997,237,0.133,-0.866,-0.09,-5.9014674000000005,-33.74722620000001,5.443101,76.46697467999998,1.1459160000000002,-32.16013254
2.38,238,0.113,-0.8440000000000001,-0.098,1.2605076000000002,-34.7212548,7.0473834,76.47843384000002,1.00840608,-32.48098902
2.3899999999999997,239,0.09300000000000001,-0.831,-0.109,7.161975,-34.950438,8.307891,76.55291838000002,0.8594370000000001,-32.79611592
2.4,240,0.085,-0.8059999999999999,-0.11199999999999999,13.178034,-34.1482968,9.453807,76.69615788,0.7104679199999999,-33.11124282
2.4099999999999997,241,0.09,-0.774,-0.095,19.652459399999998,-33.002380800000005,10.599723,76.89669318,0.5443101,-33.403451399999994
2.42,242,0.09,-0.741,-0.05,24.923673,-32.7159018,11.5737516,77.14879470000002,0.3724227000000001,-33.69565998
2.4299999999999997,243,0.096,-0.7340000000000001,0.015,29.736520199999998,-35.4088044,11.745639,77.45819202,0.18907614,-34.01078688
2.44,244,0.09699999999999999,-0.764,0.057,32.142943800000005,-40.680018,10.313244000000001,77.78477808,0.01718874,-34.38320958
2.4499999999999997,245,0.11599999999999999,-0.867,0.052000000000000005,32.257535399999995,-46.29500640000001,6.7609043999999985,78.14001204,-0.10313244,-34.82438724000001
2.46,246,0.14800000000000002,-1.0,0.034,29.9084076,-48.8160216,1.5469866,78.45513894,-0.20053530000000008,-35.29421280000001
2.4699999999999998,247,0.16399999999999998,-1.127,0.027999999999999997,26.0122932,-45.4355694,-3.4950437999999995,78.7244292,-0.24064236,-35.74112004000001
2.48,248,0.139,-1.228,0.027000000000000003,22.1734746,-37.872523799999996,-8.8235532,78.95361240000003,-0.21199446,-36.125001899999994
2.4899999999999998,249,0.086,-1.265,0.031,18.5638392,-26.7571386,-13.980175199999998,79.14841812,-0.12032118,-36.4114809
2.5,250,0.018000000000000002,-1.248,0.052000000000000005,16.615782,-14.9542038,-18.621135,79.34322384000002,0.04010706,-36.58909788
2.51,251,-0.040999999999999995,-1.204,0.075,12.605075999999999,-4.6409598,-22.9756158,79.46927459999998,0.25783110000000004,-36.67504158
2.52,252,-0.09300000000000001,-1.182,0.027000000000000003,6.3598338,1.3750992,-27.559279800000002,79.53229998,0.52712136,-36.70941906
2.53,253,-0.1,-1.185,-0.040999999999999995,11.2872726,8.4224826,-33.9191136,79.64689158,0.87662574,-36.68650074
2.54,254,-0.066,-1.225,-0.061,25.152856200000002,18.7357266,-38.7892566,79.90472267999998,1.28342592,-36.56617956
2.55,255,0.001,-1.301,-0.12300000000000001,25.3247436,21.829699800000004,-39.7059894,80.16255378,1.7074148399999998,-36.41721048
2.56,256,0.032,-1.43,-0.203,18.793022399999998,13.9228794,-39.820581,80.35162992,2.1199446,-36.34845552
2.57,257,0.013000000000000001,-1.5719999999999998,-0.207,11.401864199999999,7.8495246,-39.19032720000001,80.46622152,2.51528562,-36.33126678
2.5799999999999996,258,0.002,-1.6769999999999998,-0.28800000000000003,2.4637194,5.6149884000000005,-38.61736920000001,80.48913983999998,2.89916748,-36.33699636
2.59,259,0.009000000000000001,-1.7180000000000002,-0.34700000000000003,0.40107059999999994,1.0313244000000001,-38.90384820000001,80.48913983999998,3.28304934,-36.38856258
2.5999999999999996,260,0.038,-1.6219999999999999,-0.353,3.7815228,-4.2398892,-36.8411994,80.51778774,3.6382833,-36.49169502
2.61,261,0.171,-1.401,-0.373,5.6722842,-4.9847346,-31.111619399999995,80.56935396,3.93622146,-36.58909788
2.6199999999999997,262,0.384,-1.178,-0.379,8.250595200000001,-3.7815228,-24.637194,80.64956808000002,4.17686382,-36.66358242
2.63,263,0.531,-1.018,-0.353,8.9954406,-10.886202,-18.2200644,80.73551178,4.33729206,-36.80109234
2.6399999999999997,264,0.5820000000000001,-0.965,-0.304,6.417129599999999,-21.7151082,-13.8082878,80.78134842,4.44615408,-37.03600512000001
2.65,265,0.5589999999999999,-0.971,-0.249,-1.8907614,-32.142943800000005,-13.0061466,80.73551178,4.59512316,-37.39696866
2.6599999999999997,266,0.5,-1.011,-0.242,-10.828906199999999,-41.5967508,-13.750992000000002,80.59227228,4.675337279999999,-37.82668716
2.67,267,0.397,-1.062,-0.267,-15.068795399999999,-52.712136,-13.464512999999998,80.40319614,4.73263308,-38.37099726
2.6799999999999997,268,0.231,-1.1,-0.263,-16.558486199999994,-64.9161414,-10.026765,80.19120168,4.73836266,-39.02416938
2.69,269,0.054000000000000006,-1.109,-0.243,-18.334656,-73.96887779999999,-3.6669312000000014,79.95055932,4.66387812,-39.75755562
2.6999999999999997,270,-0.092,-1.079,-0.24100000000000002,-20.168121600000006,-80.1568242,5.3285094000000015,79.69272822,4.4748019800000005,-40.53104892
2.71,271,-0.17600000000000002,-1.03,-0.226,-18.277360199999997,-80.04223259999998,11.8602306,79.45781544,4.2398892,-41.29881264
2.7199999999999998,272,-0.226,-0.9670000000000001,-0.21600000000000005,-15.813640800000002,-77.17744259999998,16.4438946,79.25728014,3.9534102,-42.026469299999995
2.73,273,-0.275,-0.9009999999999999,-0.21600000000000005,-15.3552744,-71.79163740000001,18.449247600000003,79.06820400000002,3.66120162,-42.69683016000001
2.7399999999999998,274,-0.3,-0.8370000000000001,-0.228,-16.2147114,-63.82752120000001,18.506543399999998,78.87339828,3.37472262,-43.2869769
2.75,275,-0.28600000000000003,-0.7759999999999999,-0.22899999999999998,-16.7303736,-55.6915176,17.3606274,78.67286298,3.07678446,-43.78545036000001
2.76,276,-0.24100000000000002,-0.74,-0.205,-16.501190400000002,-49.04520479999999,16.615782,78.48951642,2.83041252,-44.2323576
2.77,277,-0.18600000000000005,-0.731,-0.188,-17.0741484,-45.0917946,17.131444199999994,78.30044028,2.58404058,-44.64488736
2.78,278,-0.131,-0.73,-0.172,-19.7097552,-43.1437374,18.793022399999998,78.09417540000003,2.3204799,-45.02876922
2.79,279,-0.10099999999999999,-0.733,-0.156,-21.772404,-42.5707794,20.1108258,77.86499219999997,2.04546006,-45.40119192
2.8,280,-0.091,-0.742,-0.15,-24.1215318,-40.7946096,20.3973048,77.61289067999998,1.75898106,-45.75642588
2.81,281,-0.099,-0.7559999999999999,-0.159,-26.9863218,-37.872523799999996,19.7097552,77.33214126,1.49542038,-46.08301193999999
2.82,282,-0.127,-0.778,-0.158,-28.762491600000004,-33.3461556,18.048177,77.03993267999998,1.24904844,-46.36949094
2.8299999999999996,283,-0.156,-0.818,-0.151,-30.366774000000003,-27.100913399999996,15.870936600000002,76.73053536,1.04278356,-46.59867414
2.84,284,-0.18,-0.873,-0.16399999999999998,-32.945085,-19.9389384,13.5791046,76.39821972,0.86516658,-46.76483196
2.8499999999999996,285,-0.188,-0.9329999999999999,-0.187,-34.0337052,-13.2353298,12.261301199999998,76.05444492,0.68182002,-46.85650524
2.86,286,-0.179,-0.9840000000000001,-0.195,-32.8877892,-6.417129599999999,11.2872726,75.72212928,0.55576926,-46.896612299999994
2.8699999999999997,287,-0.166,-1.001,-0.192,-30.194886600000004,-2.86479,11.0580894,75.41273196,0.44117766,-46.896612299999994
2.88,288,-0.15,-0.991,-0.18100000000000002,-25.55392680000001,-0.6875496,10.886202,75.15490086000001,0.32658606,-46.879423560000006
2.8899999999999997,289,-0.14400000000000002,-0.96,-0.185,-20.05353,0.572958,10.3705398,74.94863597999998,0.22918320000000006,-46.85077566
2.9,290,-0.146,-0.9209999999999999,-0.18899999999999997,-14.8396122,2.2345362,9.224623800000002,74.81112606,0.0859437,-46.78775028
2.9099999999999997,291,-0.153,-0.8740000000000001,-0.201,-8.193299399999999,6.8182002000000015,7.8495246,74.72518235999998,0.028647900000000007,-46.70180658
2.92,292,-0.14800000000000002,-0.8290000000000001,-0.184,1.7761698000000001,14.037471,6.417129599999999,74.74237109999999,0.0,-46.5528375
2.9299999999999997,293,-0.15,-0.8009999999999999,-0.102,12.2040054,22.5745452,4.9847346,74.86269228,0.00572958,-46.31792471999999
2.94,294,-0.16,-0.799,-0.027000000000000003,15.5844576,32.7159018,3.9534102,75.01739094,0.04010706,-45.99133866
2.9499999999999997,295,-0.151,-0.795,-0.031,14.7823164,40.393539000000004,2.9220858,75.17781918,0.0859437,-45.59026806
2.96,296,-0.146,-0.815,-0.042,18.162768600000003,47.555514,2.0053530000000004,75.35543616,0.17761697999999998,-45.12617208
2.9699999999999998,297,-0.124,-0.862,-0.035,22.803728399999997,54.25912260000001,1.7188740000000002,75.58461936,0.28074942,-44.59332114
2.98,298,-0.091,-0.904,-0.039,26.814434400000003,57.86875799999999,1.8907614,75.85390962,0.38961144,-44.02609272
2.9899999999999998,299,-0.061,-0.935,-0.036000000000000004,30.194886600000004,58.6136034,2.0626488000000003,76.15757735999998,0.4984734599999999,-43.45313472
3.0,300,-0.031,-0.9690000000000001,-0.049,29.9657034,57.63957480000001,2.2345362,76.47270426,0.59587632,-42.89163588
3.01,301,-0.011000000000000001,-1.005,-0.038,29.1062664,53.4569814,3.3231564,76.76491284,0.67609044,-42.35878494
3.02,302,-0.002,-1.042,0.012,27.1582092,48.128472,4.583664,77.03993267999998,0.72765666,-41.8832298
3.03,303,0.018000000000000002,-1.083,0.047,22.058882999999998,45.3209778,5.1566220000000005,77.26338630000002,0.76776372,-41.43059298
3.04,304,0.040999999999999995,-1.1,0.075,17.8189938,41.0237928,4.010706000000001,77.44673286,0.8078707799999998,-41.01806322
3.05,305,0.07,-1.097,0.083,14.7823164,37.586044799999996,0.1718874,77.63580900000002,0.89381448,-40.65709968
3.06,306,0.10400000000000001,-1.095,0.039,9.453807,37.6433406,-4.9274388,77.73321186000003,1.01413566,-40.30186572
3.07,307,0.125,-1.091,0.01,7.2765666,37.0703826,-8.5370742,77.8076964,1.16310474,-39.95809092
3.08,308,0.124,-1.078,0.017,9.9121734,33.518043,-8.8235532,77.91082884,1.31207382,-39.6486936
3.09,309,0.102,-1.085,0.031,14.8396122,27.960350399999996,-4.583664,78.0655275,1.40947668,-39.38513292
3.0999999999999996,310,0.073,-1.104,0.02,16.272007199999994,24.2934192,2.1772404,78.26033322,1.43812458,-39.15022014
3.11,311,0.051,-1.101,-0.003,13.0061466,23.0902074,8.7662574,78.39784313999998,1.39228794,-38.9038482
3.1199999999999997,312,0.043,-1.067,-0.025,8.7089616,21.371333399999997,13.2353298,78.48951642,1.30061466,-38.66893542
3.13,313,0.040999999999999995,-1.011,-0.032,6.5317212,19.136797199999997,14.7250206,78.55827138,1.19175264,-38.45121138
3.1399999999999997,314,0.048,-0.955,-0.027999999999999997,6.2452422,17.303331600000003,13.980175199999998,78.62129675999998,1.0886202,-38.25640566
3.15,315,0.057999999999999996,-0.9159999999999999,-0.024,6.0733548,16.329303,12.032118,78.71869962000002,1.01413566,-38.07878868
3.1599999999999997,316,0.065,-0.88,-0.027999999999999997,5.2712136,15.126091199999998,10.1986524,78.77026584,0.93965112,-37.91263086
3.17,317,0.068,-0.853,-0.04,3.5523396000000003,14.0947668,8.078707799999998,78.8103729,0.8823553199999999,-37.757932200000006
3.1799999999999997,318,0.06,-0.833,-0.054000000000000006,0.8021411999999999,14.438541599999999,6.417129599999999,78.81610248000001,0.8422482600000001,-37.60323354
3.19,319,0.057999999999999996,-0.813,-0.081,-1.8907614,16.386598799999998,5.1566220000000005,78.79891374,0.8193299399999999,-37.43707572
3.1999999999999997,320,0.057,-0.8009999999999999,-0.11599999999999999,-3.0366774,18.1054728,4.4690724,78.77026584,0.8193299399999999,-37.25372916
3.21,321,0.059000000000000004,-0.795,-0.146,-3.4377480000000005,18.334656,4.5263682,78.73588836,0.8021412000000001,-37.0703826
3.2199999999999998,322,0.063,-0.799,-0.16899999999999998,-4.5263682,17.9908812,5.1566220000000005,78.69005172,0.7849524600000001,-36.88130646000001
3.23,323,0.063,-0.7959999999999999,-0.187,-6.1879464,16.8449652,5.958763200000001,78.62702634000001,0.75057498,-36.70941906
3.2399999999999998,324,0.065,-0.7909999999999999,-0.188,-6.7609043999999985,15.011499599999999,6.2452422,78.55827138,0.7161975,-36.54899082
3.25,325,0.064,-0.795,-0.174,-5.958763200000001,12.2040054,6.1879464,78.48951642,0.6875496,-36.42294006
3.26,326,0.053,-0.8009999999999999,-0.147,-5.3285094000000015,7.448453999999999,5.844171599999999,78.4379502,0.64744254,-36.34272594
3.27,327,0.049,-0.812,-0.12,-4.6982555999999995,3.4377480000000005,5.443101,78.38638397999998,0.59587632,-36.2968893
3.28,328,0.05,-0.818,-0.09,-3.0939732,-0.057295800000000015,4.8128472,78.35773608,0.55003968,-36.28543014
3.29,329,0.051,-0.8240000000000001,-0.055,-0.286479,-2.9220858,4.0680017999999984,78.35200649999999,0.5042030399999999,-36.30834846
3.3,330,0.052000000000000005,-0.823,-0.02,4.010706000000001,-4.4117766,3.0366774,78.4379502,0.4870143000000001,-36.3541851
3.31,331,0.051,-0.825,0.006999999999999999,8.651665800000002,-3.3231564,1.8907614,78.52389389999998,0.46409598,-36.38283300000001
3.32,332,0.049,-0.8320000000000001,0.023,11.9748222,-0.5156622000000001,0.7448454000000001,78.64994466,0.4583664000000001,-36.38283300000001
3.33,333,0.048,-0.8390000000000001,0.033,14.438541599999999,2.9220858,-0.1718874,78.79318416,0.46982556,-36.3541851
3.34,334,0.048,-0.8490000000000001,0.037000000000000005,15.297978599999999,6.3598338,-1.0313244000000001,78.94788281999998,0.4870143000000001,-36.29115972
3.3499999999999996,335,0.053,-0.853,0.045,15.297978599999999,7.448453999999999,-1.9480572,79.15414770000002,0.53858052,-36.23386392
3.36,336,0.055999999999999994,-0.843,0.062,16.1001198,6.990087599999999,-3.3231564,79.31457594,0.5844171599999999,-36.16510896000001
3.3699999999999997,337,0.055999999999999994,-0.828,0.087,18.162768600000003,6.1879464,-5.042030400000002,79.4979225,0.64744254,-36.11354274
3.38,338,0.055,-0.7979999999999999,0.12,21.142150199999996,5.5003968,-7.448453999999999,79.71564654,0.73338624,-36.07343568
3.3899999999999997,339,0.055999999999999994,-0.765,0.16899999999999998,23.835052800000003,5.9014674000000005,-10.1986524,79.9562889,0.8422482600000001,-36.02759904
3.4,340,0.066,-0.728,0.20800000000000002,25.6112226,7.734933000000002,-13.178034,80.25995664,0.9969469199999998,-35.9817624
3.4099999999999997,341,0.079,-0.7020000000000001,0.239,26.069589,9.740286,-16.2147114,80.52351732,1.1745639,-35.90727786
3.42,342,0.069,-0.684,0.273,25.4393352,10.657018800000001,-17.9335854,80.78134842,1.36364004,-35.82706374
3.4299999999999997,343,0.05,-0.665,0.305,24.5798982,12.1467096,-18.793022399999998,81.03344994,1.56990492,-35.73539046000001
3.44,344,0.042,-0.647,0.313,22.058882999999998,15.297978599999999,-19.194093,81.25690356,1.7761698000000001,-35.61506928
3.4499999999999997,345,0.037000000000000005,-0.618,0.293,18.162768600000003,19.5378678,-19.079501399999998,81.48035718,1.99962342,-35.44891146
3.46,346,0.039,-0.593,0.256,16.2147114,26.4706596,-19.079501399999998,81.65224458,2.21734746,-35.21399868
3.4699999999999998,347,0.069,-0.591,0.18899999999999997,16.558486199999994,31.455394199999997,-19.9962342,81.82413198,2.45226024,-34.933249260000004
3.48,348,0.114,-0.633,0.083,19.079501399999998,27.272800800000002,-20.5118964,82.02466728,2.68717302,-34.692606899999994
3.4899999999999998,349,0.174,-0.7140000000000001,-0.027999999999999997,20.626488000000002,14.381245800000002,-20.7410796,82.23666174,2.91062664,-34.57228572
3.5,350,0.3,-0.795,-0.135,14.32395,0.2291832000000001,-21.2567418,82.36844208,3.2085648000000004,-34.62385194
3.51,351,0.40700000000000003,-0.8390000000000001,-0.154,1.5469866,-5.5576926,-20.6837838,82.37990124000002,3.40337052,-34.70979564
3.52,352,0.41100000000000003,-0.787,-0.105,-14.381245800000002,-4.4690724,-20.5118964,82.23093216,3.59817624,-34.7785506
3.53,353,0.34,-0.672,-0.121,-31.1689152,-1.9480572,-22.0015872,81.91007568,3.810170700000002,-34.83011682
3.54,354,0.258,-0.575,-0.22899999999999998,-45.4355694,-4.1252976000000015,-24.0069402,81.4459797,4.0393539,-34.91033094
3.55,355,0.196,-0.526,-0.332,-54.3164184,-11.5164558,-25.4393352,80.86156254,4.27999626,-35.076488760000004
3.56,356,0.17300000000000001,-0.5,-0.39,-60.8481396,-18.334656,-23.892348600000002,80.22557916000002,4.48626114,-35.29994238
3.57,357,0.16699999999999998,-0.479,-0.434,-73.911582,-21.142150199999996,-19.7097552,79.45781544,4.6409598,-35.54631432
3.58,358,0.078,-0.426,-0.489,-100.66872059999999,-18.277360199999997,-15.011499599999999,78.42076146,4.749821819999998,-35.76403836
3.59,359,-0.033,-0.35,-0.581,-128.7436626,-12.891555,-13.6936962,77.10295806,4.84722468,-35.93019618
3.5999999999999996,360,-0.124,-0.275,-0.612,-150.85984140000005,-8.59437,-16.157415599999997,75.53305314,4.9560867,-36.0677061
3.61,361,-0.14800000000000002,-0.196,-0.5710000000000001,-166.8453696,-2.6929026,-20.912967000000002,73.83136787999999,5.13370368,-36.15937938
3.6199999999999997,362,-0.10800000000000001,-0.115,-0.52,-177.6742758,2.4637194,-25.84040580000001,72.02082060000002,5.3628868800000005,-36.22813434
3.63,363,-0.031,-0.055999999999999994,-0.442,-186.9561954,10.2559482,-29.9657034,70.11860004,5.65509546,-36.24532308
3.6399999999999997,364,0.092,-0.069,-0.3,-202.5979488,28.7051958,-32.7159018,68.07313998,6.0332477399999975,-36.10781315999999
3.65,365,0.161,-0.17300000000000001,-0.158,-229.8707496,39.19032720000001,-31.6845774,65.75838966,6.4457775,-35.88435954
3.6599999999999997,366,0.151,-0.431,-0.20600000000000002,-261.09696060000005,31.054323600000004,-23.319390600000002,63.12278286,6.743715660000001,-35.71820172
3.67,367,0.096,-1.189,-0.5429999999999999,-285.046605,-1.432395,-11.1153852,60.22361538,6.8010114600000025,-35.80414542
3.6799999999999997,368,0.138,-3.162,-1.117,-317.4760278,16.2147114,-15.4125702,57.00359142,6.972898860000001,-35.76403836
3.69,369,0.325,-3.2460000000000004,-0.5710000000000001,-252.7890696,48.7587258,-38.10170700000001,54.45392832,7.51147938,-35.5806918
3.6999999999999997,370,0.282,-2.535,-0.725,-280.6348284,29.793815999999996,-20.5691922,51.617786220000006,7.80941754,-35.47182978
3.71,371,0.168,-2.67,-1.256,-284.0152806000001,13.407217200000002,-12.891555,48.73580748,7.95265704,-35.46037062
3.7199999999999998,372,0.522,-2.4859999999999998,-1.307,-306.7617132000001,10.1413566,-28.533308399999996,45.60172722,8.18184024,-35.58642138000001
3.73,373,0.813,-2.0869999999999997,-1.38,-343.3737294,4.0680017999999984,-32.4867186,42.0837651,8.38810512,-35.79841584000001
3.7399999999999998,374,0.86,-1.758,-1.956,-368.8130646,12.9488508,-32.142943800000005,38.31370146,8.640206639999999,-35.96457366
3.75,375,0.688,-1.253,-2.522,-358.21334160000015,-8.021412000000002,-34.5493674,34.62958152,8.72615034,-36.29115972
3.76,376,0.34299999999999997,-0.88,-1.767,-290.60429760000005,-60.7908438,-51.1651494,31.57571538,8.46831924,-37.06465302
3.77,377,0.027999999999999997,-1.081,-0.647,-262.1855808,-102.9605526,-78.5525418,28.75103244,7.9583866200000015,-38.28505356
3.78,378,-0.12,-1.2590000000000001,0.18600000000000005,-294.500412,-117.6282774,-96.7153104,25.58830428,7.33959198,-39.70025982
3.79,379,0.0,-1.3,0.254,-314.9550126000001,-96.7726062,-98.6633676,22.24222956,6.83538894,-41.01233364
3.8,380,0.184,-1.6580000000000001,-0.11,-213.7706298,-89.3241522,-81.7038108,19.9675863,6.2853492599999985,-42.10668342
3.81,381,-0.03,-1.955,1.004,-214.3435878,-67.66633979999999,-63.9994086,17.71013178,5.83844202,-42.93747252
3.82,382,0.016,-1.508,0.507,-314.3820546,-40.10706,-69.38521379999999,14.450000759999998,5.60925882,-43.71096582
3.83,383,-0.11599999999999999,-1.3359999999999999,0.581,-225.34438140000003,-37.757932200000006,-40.5081306,12.118061700000002,5.311320660000002,-44.18652096
3.84,384,-0.26,-0.8740000000000001,0.517,-214.45817940000003,-16.8449652,-5.958763200000001,9.9408213,5.13943326,-44.27246466
3.8499999999999996,385,-0.355,-0.584,0.619,-212.05175580000002,1.3178034,22.345361999999998,7.8323358600000015,5.07640788,-44.03755188
3.86,386,-0.44,-0.272,0.687,-219.0991392,11.2299768,35.809875,5.63790672,5.1222445200000015,-43.65367002
3.8699999999999997,387,-0.461,0.152,0.451,-222.021225,17.475219,38.10170700000001,3.42055926,5.231106540000001,-43.24114026
3.88,388,-0.382,0.741,0.204,-206.20758419999999,32.945085,21.944291399999997,1.35218088,5.52331512,-42.98330916
3.8899999999999997,389,-0.18600000000000005,1.216,0.048,-195.8943402,49.7900502,-10.828906199999999,-0.64744254,5.9931406800000016,-43.05779370000001
3.9,390,-0.057999999999999996,1.3519999999999999,-0.155,-155.1570264,64.4004792,-35.2942128,-2.29756158,6.60620574,-43.40729808
3.9099999999999997,391,0.012,1.2670000000000001,-0.27899999999999997,-93.56404140000001,70.5311298,-42.97185,-3.3116972399999995,7.270837019999999,-43.84274616
3.92,392,0.221,1.213,-0.521,-35.3515086,79.6984578,-47.555514,-3.74714532,8.02714158,-44.34121962
3.9299999999999997,393,0.429,1.1909999999999998,-0.701,0.9167328000000001,87.26150340000002,-47.7274014,-3.82735944,8.857930679999997,-44.85115224
3.94,394,0.39899999999999997,1.3,-1.2309999999999999,12.7196676,81.81840240000002,-38.2162986,-3.77579322,9.64288314,-45.26941158
3.9499999999999997,395,-0.026000000000000002,1.399,-1.495,26.7571386,45.607456799999994,-15.011499599999999,-3.54661002,10.084060800000001,-45.44129898
3.96,396,-0.313,1.18,-1.334,49.2170922,13.980175199999998,-0.286479,-3.04813656,10.227300300000001,-45.45275814
3.9699999999999998,397,-0.203,0.917,-1.263,67.7236356,9.224623800000002,-1.6042823999999998,-2.36631654,10.32470316,-45.47567646
3.98,398,0.054000000000000006,0.794,-1.258,65.7182826,18.2200644,-4.9274388,-1.71314442,10.513779300000001,-45.53297226
3.9899999999999998,399,0.295,0.609,-1.205,61.30650600000001,26.2987722,-12.4904844,-1.1172681,10.77733998,-45.6647526
4.0,400,0.414,0.418,-1.069,48.7587258,31.3980984,-22.91832,-0.69900876,11.109655620000002,-45.91112454
4.01,401,0.485,0.249,-0.932,27.3300966,29.621928600000004,-28.6479,-0.48128472,11.401864199999999,-46.19760354
4.02,402,0.447,0.162,-0.882,4.4117766,23.0902074,-28.81978740000001,-0.4984734599999999,11.631047399999998,-46.48408254
4.03,403,0.331,0.133,-1.003,-2.0053530000000004,14.266654199999998,-23.2620948,-0.56722842,11.76855732,-46.71899532
4.04,404,0.231,0.11199999999999999,-1.2109999999999999,10.4278356,2.86479,-15.3552744,-0.49274388,11.79720522,-46.87369398
4.05,405,0.122,0.091,-1.48,29.2781538,-28.2468294,-10.4278356,-0.21772404,11.51072622,-46.98828558
4.06,406,0.067,0.146,-2.061,52.0818822,-75.51586440000001,0.1718874,0.30939732,10.771610399999998,-47.0112039
4.07,407,0.762,0.13699999999999998,-2.85,61.8221682,-135.791046,3.0366774,0.95111028,9.43661826,-47.0398518
4.08,408,2.263,0.15,-3.241,13.521808800000002,-172.4030622,-1.2605076000000002,1.10007936,7.734933000000002,-47.13152508
4.09,409,2.781,0.63,-3.4989999999999997,-26.41336380000001,-151.547391,-0.8594370000000001,0.8422482600000001,6.23951262,-47.20600962
4.1,410,1.675,0.575,-3.846,4.9847346,-196.8683688,-5.2139178,0.90527364,4.297185000000002,-47.34351954
4.109999999999999,411,0.856,0.245,-3.134,-13.8655836,-178.8201918,-2.4637194,0.7849524600000001,2.52674478,-47.44092239999999
4.12,412,0.325,0.483,-2.591,-69.041439,-119.2325598,-9.6256944,0.09167328,1.34072172,-47.57843232000001
4.13,413,0.317,0.6759999999999999,-2.186,-83.36538900000002,-80.3860074,-18.1054728,-0.7391158200000001,0.53858052,-47.76750846
4.14,414,0.09300000000000001,0.47,-1.615,-73.10944079999999,-73.73969459999998,-3.6096353999999997,-1.47250206,-0.19480572,-47.80188594
4.1499999999999995,415,-0.016,0.314,-0.927,-78.60983759999998,-66.00476160000001,13.9228794,-2.28037284,-0.8479778399999999,-47.65864644
4.16,416,0.17,0.354,-0.757,-93.2202666,-60.5616606,21.0848544,-3.2257535399999995,-1.44958374,-47.42946324
4.17,417,0.355,0.3720000000000001,-0.835,-91.386801,-55.80610920000001,23.605869600000002,-4.1539455,-1.99389384,-47.16590255999999
4.18,418,0.271,0.38,-0.742,-78.6671334,-60.50436480000001,26.0122932,-4.95035712,-2.578311,-46.8679644
4.1899999999999995,419,0.172,0.35,-0.7020000000000001,-70.6457214,-69.900876,30.4813656,-5.67801378,-3.2486718599999995,-46.51273044
4.2,420,0.159,0.3,-0.754,-68.41118519999999,-78.38065440000003,34.091001,-6.39994086,-3.9820581,-46.11165984
4.21,421,0.109,0.272,-0.768,-59.473040399999995,-81.8756982,31.340802600000004,-7.0244650800000015,-4.7555514,-45.72777798
4.22,422,-0.004,0.217,-0.7140000000000001,-41.883229799999995,-83.0216142,23.14750320000001,-7.46564274,-5.5519630200000005,-45.41265108
4.2299999999999995,423,-0.158,0.131,-0.6679999999999999,-27.6165756,-81.8756982,16.386598799999998,-7.75785132,-6.33691548,-45.16054956
4.24,424,-0.28600000000000003,0.055999999999999994,-0.637,-14.7250206,-80.04223259999998,9.5111028,-7.918279559999997,-7.11040878,-44.977203
4.25,425,-0.397,0.067,-0.6659999999999999,-6.990087599999999,-80.67248640000003,5.5003968,-7.99849368,-7.94119788,-44.82250434
4.26,426,-0.506,0.152,-0.6629999999999999,0.4583664000000001,-85.65722099999998,6.2452422,-8.00422326,-8.77198698,-44.6620761
4.27,427,-0.5720000000000001,0.235,-0.6609999999999999,5.72958,-85.7145168,8.9954406,-7.9641161999999985,-9.60277608,-44.47872954
4.28,428,-0.503,0.256,-0.721,8.479778399999999,-80.90166959999998,12.032118,-7.90109082,-10.38199896,-44.26673508
4.29,429,-0.485,0.22699999999999998,-0.8059999999999999,11.5737516,-68.52577679999999,13.178034,-7.815147120000002,-11.03517108,-44.06047020000001
4.3,430,-0.4370000000000001,0.161,-0.904,13.120738199999998,-54.54560160000001,9.5111028,-7.7062851,-11.59666992,-43.89431238
4.31,431,-0.395,0.071,-0.985,12.032118,-41.252976000000004,3.1512689999999997,-7.5916935,-11.99774052,-43.81982784
4.32,432,-0.396,-0.009000000000000001,-1.0170000000000001,9.224623800000002,-30.7678446,-3.3231564,-7.49429064,-12.30713784,-43.82555742
4.33,433,-0.41600000000000004,-0.077,-1.081,5.6149884000000005,-20.7983754,-8.136003599999999,-7.4198061,-12.5191323,-43.88285322
4.34,434,-0.428,-0.10099999999999999,-1.1340000000000001,2.0626488000000003,-12.776963400000001,-10.1986524,-7.37969904,-12.65664222,-43.9745265
4.35,435,-0.452,-0.086,-1.1440000000000001,-1.5469866,-7.734933000000002,-9.224623800000002,-7.34532156,-12.782692979999998,-44.06047020000001
4.36,436,-0.455,-0.04,-1.138,-5.443101,-3.7242269999999995,-6.1879464,-7.385428619999999,-12.82852962,-44.117765999999996
4.37,437,-0.43799999999999994,0.015,-1.124,-8.3651868,0.572958,-1.3750992,-7.47137232,-12.82280004,-44.12922516
4.38,438,-0.408,0.062,-1.079,-8.250595200000001,1.7188740000000002,1.8334656000000005,-7.55731602,-12.8056113,-44.11203642
4.39,439,-0.374,0.083,-1.024,-8.250595200000001,1.7188740000000002,3.6669312000000014,-7.648989299999997,-12.782692979999998,-44.07765894
4.3999999999999995,440,-0.337,0.08900000000000001,-0.977,-7.2765666,0.286479,3.7815228,-7.71201468,-12.88582542,-44.01463356000001
4.41,441,-0.298,0.079,-0.934,-5.7868758000000025,-1.4896908000000002,2.86479,-7.7750400599999985,-12.89728458,-43.98025608
4.42,442,-0.257,0.066,-0.909,-3.8961144,-4.3544808,1.4896908000000002,-7.820876699999999,-12.94312122,-43.96306734
4.43,443,-0.22699999999999998,0.059000000000000004,-0.889,-1.7761698000000001,-8.651665800000002,0.2291832000000001,-7.838065440000001,-13.02333534,-43.9458786
4.4399999999999995,444,-0.218,0.055,-0.88,0.1718874,-11.1153852,-0.6875496,-7.838065440000001,-13.13792694,-43.9458786
4.45,445,-0.21600000000000005,0.062,-0.89,3.1512689999999997,-10.4278356,-1.3178034,-7.780769640000001,-13.246788959999998,-43.9458786
4.46,446,-0.22899999999999998,0.07400000000000001,-0.9,4.3544808,-8.4224826,-1.432395,-7.734933000000002,-13.33273266,-43.95733776
4.47,447,-0.231,0.091,-0.9259999999999999,6.3025379999999975,-3.8388186,-1.7761698000000001,-7.66617804,-13.372839720000002,-43.96879692
4.4799999999999995,448,-0.239,0.08900000000000001,-0.924,9.167328,2.1772404,-2.4637194,-7.56877518,-13.355650979999998,-43.99744482000001
4.49,449,-0.235,0.086,-0.94,11.745639,10.084060800000001,-3.4377480000000005,-7.43699484,-13.25824812,-44.04328146
4.5,450,-0.212,0.077,-0.96,16.558486199999994,17.5325148,-3.9534102,-7.25364828,-13.086360719999998,-44.10630684
4.51,451,-0.18100000000000002,0.057,-0.977,20.2827132,23.5485738,-3.8961144,-7.03592424,-12.857177520000002,-44.16933222
4.52,452,-0.135,0.031,-1.02,21.485925,27.903054600000004,-2.6929026,-6.80674104,-12.58215768,-44.22662802000001
4.53,453,-0.09300000000000001,0.026000000000000002,-0.996,21.0848544,29.4500412,-1.0886202,-6.589017,-12.2899491,-44.26673508
4.54,454,-0.07200000000000001,0.017,-0.941,19.308684600000007,29.335449600000004,0.6875496,-6.39421128,-11.99774052,-44.28965340000001
4.55,455,-0.059000000000000004,0.0,-0.97,15.870936600000002,29.4500412,2.86479,-6.2165943,-11.66542488,-44.30111256
4.56,456,-0.045,0.017,-1.026,14.7250206,28.361421000000004,4.0680017999999984,-6.0733548000000015,-11.38467546,-44.28392382
4.57,457,-0.034,0.018000000000000002,-1.025,16.329303,25.210151999999997,4.0680017999999984,-5.9129265600000025,-11.12684436,-44.2610055
4.58,458,-0.021,0.011000000000000001,-1.021,13.3499214,22.6891368,3.8388186,-5.7868758,-10.89766116,-44.24381676
4.59,459,0.0,0.01,-1.044,10.4851314,21.0848544,3.4377480000000005,-5.6837433599999985,-10.685666699999999,-44.22089844
4.6,460,0.022000000000000002,-0.005,-1.047,8.9381448,19.136797199999997,2.6356068,-5.574881339999999,-10.41637644,-44.23808718
4.61,461,0.051,-0.035,-1.05,6.130650599999999,18.2200644,2.4064236,-5.51185596,-10.23302988,-44.22662802000001
4.62,462,0.07,-0.044000000000000004,-1.041,3.8961144,17.0168526,2.7501984,-5.47747848,-10.06687206,-44.20943928000001
4.63,463,0.087,-0.044000000000000004,-1.014,2.3491277999999998,15.126091199999998,3.4950437999999995,-5.46028974,-9.9121734,-44.18652096
4.64,464,0.086,-0.046,-1.015,-0.2291832000000001,12.032118,4.1825934,-5.4717489000000015,-9.79185222,-44.15214348
4.6499999999999995,465,0.07,-0.03,-0.99,-1.6042823999999998,4.5263682,4.9847346,-5.3972643599999985,-9.4824549,-44.19225054
4.66,466,0.057999999999999996,-0.026000000000000002,-0.8959999999999999,-4.9847346,2.6356068,5.3858052,-5.45456016,-9.453807000000001,-44.14068432
4.67,467,0.078,-0.01,-0.951,-9.1100322,3.2085647999999996,5.6149884000000005,-5.5576926,-9.41369994,-44.08911810000001
4.68,468,0.053,-0.006,-0.965,-6.7609043999999985,-3.4950437999999995,6.0733548,-5.63790672,-9.44807742,-44.02036314
4.6899999999999995,469,0.031,-0.024,-0.932,-5.844171599999999,-12.2040054,5.844171599999999,-5.70666168,-9.56266902,-43.95160818
4.7,470,0.032,-0.032,-0.951,-8.307891,-15.068795399999999,5.2712136,-5.76395748,-9.63142398,-43.91723070000001
4.71,471,0.026000000000000002,-0.022000000000000002,-0.977,-9.568398599999998,-18.048177,5.1566220000000005,-5.86708992,-9.80904096,-43.84847574
4.72,472,0.004,-0.019,-0.975,-9.682990199999999,-20.626488000000002,5.042030400000002,-5.97595194,-10.00384668,-43.78545036000001
4.7299999999999995,473,-0.026000000000000002,-0.028999999999999998,-0.966,-10.1413566,-21.2567418,4.6982555999999995,-6.09054354,-10.21011156,-43.7166954
4.74,474,-0.047,-0.027000000000000003,-0.9790000000000001,-10.886202,-20.2827132,4.2398892,-6.2051351399999986,-10.41064686,-43.65939960000001
4.75,475,-0.071,-0.022000000000000002,-0.988,-10.943497800000001,-18.907614,3.7815228,-6.29107884,-10.55961594,-43.61929254
4.76,476,-0.08800000000000001,-0.005,-0.991,-10.943497800000001,-16.386598799999998,3.4950437999999995,-6.4114000199999985,-10.7143146,-43.56772632000001
4.77,477,-0.092,0.017,-1.002,-11.0007936,-13.0061466,2.9793816000000004,-6.525991620000001,-10.84609494,-43.52761926
4.78,478,-0.092,0.037000000000000005,-0.995,-10.4278356,-11.172680999999999,2.2345362,-6.640583220000001,-10.95495696,-43.49324178
4.79,479,-0.098,0.051,-0.976,-10.599723,-11.1153852,1.7761698000000001,-6.74944524,-11.06381898,-43.46459388
4.8,480,-0.125,0.057,-0.9640000000000001,-10.313244000000001,-11.0007936,1.6042823999999998,-6.8411185199999975,-11.13830352,-43.44740514
4.81,481,-0.136,0.052000000000000005,-0.9690000000000001,-9.8548776,-6.9327918,1.0313244000000001,-6.94425096,-11.20705848,-43.4302164
4.82,482,-0.15,0.042,-0.9740000000000001,-9.453807,-4.0680017999999984,0.6302538000000001,-7.0416538200000005,-11.24716554,-43.41875724000001
4.83,483,-0.17,0.031,-0.9540000000000001,-8.3651868,-2.1199446,0.40107059999999994,-7.12759752,-11.27008386,-43.41302766
4.84,484,-0.17,0.015,-0.963,-8.7662574,1.7188740000000002,-0.2291832000000001,-7.2192707999999985,-11.25289512,-43.41302766
4.85,485,-0.16899999999999998,0.013000000000000001,-0.977,-7.5630456000000015,3.8388186,-0.6302538000000001,-7.213541219999999,-11.19559932,-43.44740514
4.86,486,-0.163,0.013000000000000001,-0.975,-6.1879464,4.1825934,-0.8594370000000001,-7.2765666,-11.15549226,-43.458864299999995
4.87,487,-0.14800000000000002,0.017,-0.98,-5.3285094000000015,4.8701430000000006,-1.0886202,-7.328132819999999,-11.109655620000002,-43.47605304
4.88,488,-0.131,0.027000000000000003,-0.99,-4.583664,5.2139178,-0.9167328000000001,-7.37396946,-11.06381898,-43.48751220000001
4.89,489,-0.11800000000000001,0.042,-0.9940000000000001,-4.3544808,4.8701430000000006,-0.6302538000000001,-7.41407652,-11.01225276,-43.49897136
4.8999999999999995,490,-0.107,0.054000000000000006,-0.988,-4.1252976000000015,4.0680017999999984,-0.11459160000000004,-7.3911582,-10.8575541,-43.55053758
4.91,491,-0.099,0.065,-0.985,-3.8388186,3.2085647999999996,0.3437748,-7.431265259999999,-10.82317662,-43.55053758
4.92,492,-0.092,0.075,-0.986,-3.0366774,2.86479,0.8594370000000001,-7.46564274,-10.79452872,-43.544808
4.93,493,-0.08800000000000001,0.078,-0.9890000000000001,-2.0626488000000003,1.8334656000000005,1.6042823999999998,-7.4885610599999985,-10.77733998,-43.52761926
4.9399999999999995,494,-0.085,0.08,-0.997,-1.4896908000000002,1.2032118,1.8907614,-7.505749800000001,-10.76015124,-43.51043052
4.95,495,-0.079,0.08199999999999999,-1.0070000000000001,-0.3437748,0.057295800000000015,2.0053530000000004,-7.4198061,-10.39345812,-43.60783338
4.96,496,-0.079,0.08199999999999999,-1.0070000000000001,0.8594370000000001,-2.3491277999999998,1.8907614,-7.41407652,-10.41064686,-43.58491506
4.97,497,-0.077,0.076,-0.991,1.4896908000000002,-4.6982555999999995,1.7761698000000001,-7.402617360000002,-10.4564835,-43.56199674
4.9799999999999995,498,-0.07200000000000001,0.069,-0.976,1.145916,-5.2712136,1.7188740000000002,-7.3911582,-10.50804972,-43.53907842
4.99,499,-0.068,0.063,-0.971,0.9167328000000001,-4.8128472,1.8334656000000005,-7.385428619999999,-10.55388636,-43.51616009999999
5.0,500,-0.063,0.055,-0.976,1.2605076000000002,-3.7815228,2.0626488000000003,-7.305214500000001,-10.41064686,-43.55053758
5.01,501,-0.062,0.047,-0.98,1.432395,-2.4637194,2.4064236,-7.29375534,-10.43356518,-43.52761926
5.02,502,-0.055999999999999994,0.038,-0.978,0.9167328000000001,-2.0626488000000003,2.5210152000000003,-7.288025760000001,-10.45075392,-43.49897136
5.03,503,-0.054000000000000006,0.035,-0.977,-0.286479,-3.1512689999999997,2.5210152000000003,-7.29375534,-10.47940182,-43.47032346
5.04,504,-0.068,0.042,-0.983,-0.1718874,-5.9014674000000005,2.4637194,-7.305214500000001,-10.53096804,-43.44167556
5.05,505,-0.071,0.049,-0.988,0.6875496,-7.3911582,2.0626488000000003,-7.2479187000000005,-10.49086098,-43.45313472
5.06,506,-0.071,0.047,-0.987,0.3437748,-8.59437,1.5469866,-7.242189120000001,-10.571075099999998,-43.4302164
5.07,507,-0.068,0.044000000000000004,-0.983,-1.3178034,-9.5111028,1.0313244000000001,-7.259377859999999,-10.66274838,-43.40729808
5.08,508,-0.067,0.039,-0.981,-2.6356068,-9.682990199999999,0.4583664000000001,-7.288025760000001,-10.76015124,-43.39010934
5.09,509,-0.064,0.032,-0.981,-2.7501984,-8.078707799999998,-0.057295800000000015,-7.316673659999997,-10.84036536,-43.38437976
5.1,510,-0.062,0.027000000000000003,-0.986,-3.0366774,-5.72958,-0.40107059999999994,-7.259377859999999,-10.7429625,-43.44167556
5.11,511,-0.061,0.027000000000000003,-0.996,-3.0366774,-4.1252976000000015,-0.572958,-7.288025760000001,-10.78879914,-43.44167556
5.12,512,-0.061,0.03,-1.003,-2.5210152000000003,-3.4950437999999995,-0.7448454000000001,-7.316673659999997,-10.82317662,-43.44740514
5.13,513,-0.062,0.034,-1.006,-2.1772404,-2.9793816000000004,-0.8594370000000001,-7.333862399999999,-10.85182452,-43.45313472
5.14,514,-0.061,0.04,-1.005,-2.2345362,-2.6356068,-1.0313244000000001,-7.3567807200000015,-10.88047242,-43.458864299999995
5.1499999999999995,515,-0.06,0.045,-1.003,-2.1772404,-2.6929026,-1.0313244000000001,-7.2765666,-10.685666699999999,-43.544808
5.16,516,-0.057999999999999996,0.048,-0.9940000000000001,-2.291832,-2.9793816000000004,-1.0313244000000001,-7.29948492,-10.72004418,-43.55626716
5.17,517,-0.061,0.052000000000000005,-0.988,-2.0053530000000004,-3.0366774,-0.8021411999999999,-7.32240324,-10.74869208,-43.56199674
5.18,518,-0.066,0.052000000000000005,-0.988,-1.7188740000000002,-2.7501984,-0.7448454000000001,-7.333862399999999,-10.77733998,-43.56199674
5.1899999999999995,519,-0.069,0.053,-0.988,-1.3750992,-2.1772404,-0.6302538000000001,-7.35105114,-10.800258300000001,-43.56772632000001
5.2,520,-0.07200000000000001,0.053,-0.988,-1.2605076000000002,-1.7188740000000002,-0.6875496,-7.213541219999999,-10.4851314,-43.6880475
5.21,521,-0.07400000000000001,0.051,-0.988,-0.9740286,-1.432395,-0.6875496,-7.225000379999999,-10.49659056,-43.69377708
5.22,522,-0.077,0.051,-0.99,-0.9167328000000001,-1.4896908000000002,-0.572958,-7.2307299600000015,-10.513779300000001,-43.69950666
5.2299999999999995,523,-0.078,0.049,-0.99,-0.9167328000000001,-1.7761698000000001,-0.5156622000000001,-7.242189120000001,-10.53096804,-43.70523624
5.24,524,-0.08,0.051,-0.9890000000000001,-0.9740286,-2.3491277999999998,-0.40107059999999994,-7.25364828,-10.55961594,-43.70523624
5.25,525,-0.079,0.051,-0.985,-0.9740286,-3.0939732,-0.3437748,-7.15051584,-10.3705398,-43.78545036000001
5.26,526,-0.077,0.053,-0.988,-1.0313244000000001,-3.6096353999999997,-0.2291832000000001,-7.161975,-10.40491728,-43.77972078000001
5.27,527,-0.077,0.053,-0.986,-1.0313244000000001,-3.8961144,0.0,-7.1734341599999984,-10.44502434,-43.77972078000001
5.28,528,-0.079,0.051,-0.9790000000000001,-1.2032118,-4.1825934,0.0,-7.1848933200000005,-10.4851314,-43.77399120000001
5.29,529,-0.08199999999999999,0.049,-0.975,-1.432395,-4.3544808,0.11459160000000004,-7.20208206,-10.52523846,-43.76826162
5.3,530,-0.085,0.047,-0.9790000000000001,-1.2032118,-5.0993262,0.1718874,-7.1333271000000025,-10.43356518,-43.81409826
5.31,531,-0.08900000000000001,0.047,-0.9840000000000001,-1.0886202,-5.9014674000000005,-0.057295800000000015,-7.144786260000001,-10.49659056,-43.80836868
5.32,532,-0.092,0.049,-0.99,-1.2032118,-6.130650599999999,-0.286479,-7.15624542,-10.55388636,-43.80836868
5.33,533,-0.09,0.054000000000000006,-0.995,-0.8021411999999999,-6.4744254,-0.572958,-7.161975,-10.62264132,-43.8026391
5.34,534,-0.087,0.055999999999999994,-0.991,0.4583664000000001,-7.448453999999999,-0.6302538000000001,-7.15624542,-10.69712586,-43.8026391
5.35,535,-0.087,0.055999999999999994,-0.98,1.6615782,-8.651665800000002,-0.4583664000000001,-7.1046792000000005,-10.70285544,-43.831286999999996
5.36,536,-0.083,0.052000000000000005,-0.97,2.5210152000000003,-9.8548776,-0.2291832000000001,-7.076031300000001,-10.800258300000001,-43.81982784
5.37,537,-0.077,0.051,-0.968,3.6096353999999997,-10.5424272,0.0,-7.0416538200000005,-10.90339074,-43.81409826
5.38,538,-0.07200000000000001,0.048,-0.97,4.9274388,-11.0580894,-0.057295800000000015,-6.990087599999999,-11.01225276,-43.8026391
5.39,539,-0.07,0.045,-0.9740000000000001,5.5003968,-11.5164558,-0.1718874,-6.9327918,-11.12111478,-43.79690952
5.3999999999999995,540,-0.073,0.038,-0.975,5.2139178,-12.834259199999998,-0.2291832000000001,-6.85257768,-11.18986974,-43.80836868
5.41,541,-0.079,0.036000000000000004,-0.966,3.6096353999999997,-14.209358400000001,-0.1718874,-6.812470620000001,-11.327379660000002,-43.79690952
5.42,542,-0.083,0.036000000000000004,-0.9670000000000001,2.3491277999999998,-14.32395,-0.057295800000000015,-6.7895523,-11.470619159999998,-43.78545036000001
5.43,543,-0.087,0.038,-0.97,2.0053530000000004,-13.8655836,0.0,-6.77236356,-11.60812908,-43.77399120000001
5.4399999999999995,544,-0.08800000000000001,0.038,-0.9740000000000001,2.1772404,-13.120738199999998,0.0,-6.74944524,-11.73417984,-43.76253204
5.45,545,-0.09300000000000001,0.036000000000000004,-0.972,1.2605076000000002,-12.3758928,0.0,-6.69214944,-11.774286900000002,-43.77972078000001
5.46,546,-0.098,0.039,-0.9790000000000001,0.286479,-10.886202,-0.11459160000000004,-6.69214944,-11.88314892,-43.77399120000001
5.47,547,-0.10300000000000001,0.039,-0.996,0.057295800000000015,-9.5111028,-0.1718874,-6.69214944,-11.98055178,-43.76253204
5.4799999999999995,548,-0.107,0.037000000000000005,-1.006,0.0,-8.8235532,-0.2291832000000001,-6.69214944,-12.06649548,-43.75680246
5.49,549,-0.10800000000000001,0.037000000000000005,-0.998,-0.9167328000000001,-8.307891,-0.11459160000000004,-6.7036086,-12.1467096,-43.75107288
5.5,550,-0.107,0.038,-0.9940000000000001,-1.432395,-7.6203414,0.0,-6.65777196,-12.10660254,-43.79117994
5.51,551,-0.106,0.039,-0.9940000000000001,-1.2032118,-6.6463128000000005,0.1718874,-6.669231119999999,-12.16962792,-43.77972078000001
5.52,552,-0.105,0.040999999999999995,-0.995,-1.0886202,-5.72958,0.286479,-6.680690279999999,-12.226923719999998,-43.77399120000001
5.53,553,-0.10400000000000001,0.042,-0.9940000000000001,-1.3750992,-4.9274388,0.40107059999999994,-6.69787902,-12.278489939999998,-43.76253204
5.54,554,-0.10300000000000001,0.044000000000000004,-0.992,-1.7761698000000001,-4.010706000000001,0.40107059999999994,-6.7150677599999975,-12.31286742,-43.75680246
5.55,555,-0.102,0.047,-0.996,-1.3178034,-3.2085647999999996,0.3437748,-6.623394479999999,-12.10087296,-43.83701658
5.56,556,-0.10300000000000001,0.042,-0.992,-0.9167328000000001,-2.7501984,0.286479,-6.63485364,-12.12952086,-43.831286999999996
5.57,557,-0.10300000000000001,0.039,-0.985,-1.145916,-2.5783110000000002,0.286479,-6.6463128,-12.15816876,-43.82555742
5.58,558,-0.10099999999999999,0.04,-0.99,-1.145916,-2.4064236,0.1718874,-6.65777196,-12.18108708,-43.81982784
5.59,559,-0.09699999999999999,0.040999999999999995,-0.99,-0.8021411999999999,-2.2345362,0.11459160000000004,-6.669231119999999,-12.2040054,-43.81409826
5.6,560,-0.094,0.039,-0.987,-0.9740286,-2.0626488000000003,0.057295800000000015,-6.5317212,-11.88314892,-43.92868986
5.61,561,-0.09300000000000001,0.039,-0.986,-1.2605076000000002,-1.9480572,0.1718874,-6.543180359999999,-11.90033766,-43.92296028
5.62,562,-0.09300000000000001,0.037000000000000005,-0.981,-1.2032118,-1.8334656000000005,0.286479,-6.5546395199999985,-11.92325598,-43.92296028
5.63,563,-0.09,0.037000000000000005,-0.983,-1.3178034,-1.6042823999999998,0.286479,-6.5718282599999975,-11.934715140000002,-43.91723070000001
5.64,564,-0.091,0.037000000000000005,-0.983,-1.3750992,-1.6615782,0.1718874,-6.589017,-11.95190388,-43.91150112
5.6499999999999995,565,-0.08800000000000001,0.038,-0.987,-1.7188740000000002,-1.9480572,0.11459160000000004,-6.48015498,-11.69407278,-44.0031744
5.66,566,-0.086,0.04,-0.985,-1.4896908000000002,-2.3491277999999998,0.11459160000000004,-6.497343719999999,-11.7169911,-43.99744482000001
5.67,567,-0.08900000000000001,0.042,-0.985,-1.3178034,-2.5210152000000003,0.11459160000000004,-6.51453246,-11.745639,-43.99744482000001
5.68,568,-0.08900000000000001,0.045,-0.987,-1.145916,-2.3491277999999998,0.1718874,-6.525991620000001,-11.76855732,-43.99171524000001
5.6899999999999995,569,-0.09,0.045,-0.987,-1.0886202,-2.1199446,0.11459160000000004,-6.53745078,-11.791475639999998,-43.98598566
5.7,570,-0.091,0.046,-0.9890000000000001,-0.8594370000000001,-2.0626488000000003,0.057295800000000015,-6.40567044,-11.46488958,-44.10057726
5.71,571,-0.092,0.043,-0.986,-0.9167328000000001,-2.0053530000000004,0.0,-6.417129600000001,-11.48207832,-44.09484768
5.72,572,-0.09300000000000001,0.042,-0.982,-0.9740286,-2.0626488000000003,0.057295800000000015,-6.428588760000001,-11.50499664,-44.09484768
5.7299999999999995,573,-0.092,0.04,-0.9840000000000001,-1.145916,-1.8907614,0.0,-6.4400479200000005,-11.52218538,-44.09484768
5.74,574,-0.092,0.042,-0.982,-1.3750992,-1.6615782,0.0,-6.451507079999999,-11.53937412,-44.09484768
5.75,575,-0.092,0.045,-0.986,-1.3750992,-1.4896908000000002,-0.057295800000000015,-6.3311859,-11.21851764,-44.19798012
5.76,576,-0.096,0.045,-0.9840000000000001,-0.8594370000000001,-2.3491277999999998,-0.1718874,-6.34264506,-11.24143596,-44.19798012
5.77,577,-0.09300000000000001,0.046,-0.9790000000000001,-0.8594370000000001,-3.8388186,-0.1718874,-6.348374640000001,-11.28154302,-44.19798012
5.78,578,-0.094,0.048,-0.975,-0.9740286,-4.9274388,-0.1718874,-6.3598338000000005,-11.33310924,-44.19798012
5.79,579,-0.091,0.048,-0.975,-1.3178034,-5.72958,-0.11459160000000004,-6.3770225400000005,-11.39040504,-44.19225054
5.8,580,-0.08900000000000001,0.048,-0.98,-0.8594370000000001,-5.9014674000000005,0.0,-6.3311859,-11.29873176,-44.2323576
5.81,581,-0.091,0.043,-0.975,-0.572958,-6.0160589999999985,0.0,-6.33691548,-11.36175714,-44.2323576
5.82,582,-0.09300000000000001,0.042,-0.9740000000000001,-1.0313244000000001,-5.6722842,0.0,-6.348374640000001,-11.41905294,-44.22662802000001
5.83,583,-0.095,0.040999999999999995,-0.977,-1.2032118,-5.7868758000000025,-0.1718874,-6.3598338000000005,-11.47634874,-44.22089844
5.84,584,-0.09699999999999999,0.04,-0.9790000000000001,-1.6615782,-5.9014674000000005,-0.3437748,-6.3770225400000005,-11.53364454,-44.22089844
5.85,585,-0.098,0.043,-0.983,-1.8334656000000005,-6.0733548,-0.4583664000000001,-6.348374640000001,-11.4878079,-44.25527592
5.86,586,-0.09699999999999999,0.045,-0.983,-1.8334656000000005,-7.1046792000000005,-0.4583664000000001,-6.3655633799999976,-11.562292439999998,-44.25527592
5.87,587,-0.094,0.046,-0.985,-1.6042823999999998,-8.078707799999998,-0.3437748,-6.382752120000001,-11.64250656,-44.24954634
5.88,588,-0.092,0.046,-0.9840000000000001,-1.145916,-8.307891,-0.1718874,-6.39421128,-11.722720679999998,-44.24381676
5.89,589,-0.094,0.045,-0.988,-1.145916,-7.6203414,0.057295800000000015,-6.40567044,-11.79720522,-44.23808718
5.8999999999999995,590,-0.09699999999999999,0.044000000000000004,-0.991,-1.0886202,-6.6463128000000005,0.0,-6.3598338000000005,-11.73990942,-44.27246466
5.91,591,-0.106,0.043,-0.9890000000000001,-0.9740286,-5.9014674000000005,-0.057295800000000015,-6.37129296,-11.79720522,-44.26673508
5.92,592,-0.11199999999999999,0.040999999999999995,-0.99,-0.7448454000000001,-5.3858052,-0.1718874,-6.382752120000001,-11.85450102,-44.26673508
5.93,593,-0.11199999999999999,0.042,-0.988,-0.572958,-4.8701430000000006,-0.5156622000000001,-6.382752120000001,-11.90033766,-44.26673508
5.9399999999999995,594,-0.105,0.042,-0.991,-0.6302538000000001,-4.1825934,-0.6302538000000001,-6.3884817000000025,-11.946174300000001,-44.26673508
5.95,595,-0.09699999999999999,0.04,-0.991,-0.572958,-3.7815228,-0.4583664000000001,-6.30826758,-11.78574606,-44.33549004
5.96,596,-0.094,0.04,-0.985,-0.9167328000000001,-3.380452200000001,-0.1718874,-6.31972674,-11.82012354,-44.33549004
5.97,597,-0.09699999999999999,0.040999999999999995,-0.9840000000000001,-0.5156622000000001,-3.3231564,0.0,-6.3254563200000025,-11.85450102,-44.32976046
5.9799999999999995,598,-0.09699999999999999,0.04,-0.9790000000000001,-0.4583664000000001,-2.9220858,0.1718874,-6.3311859,-11.88314892,-44.32976046
5.99,599,-0.095,0.042,-0.982,-0.572958,-2.4637194,0.1718874,-6.33691548,-11.90606724,-44.32403088
6.0,600,-0.094,0.044000000000000004,-0.986,-0.40107059999999994,-2.0053530000000004,0.2291832000000001,-6.19367598,-11.545103700000002,-44.43862248000001
6.01,601,-0.096,0.046,-0.9890000000000001,-0.40107059999999994,-1.7761698000000001,0.3437748,-6.1994055600000015,-11.56802202,-44.4328929
6.02,602,-0.09699999999999999,0.045,-0.9890000000000001,-0.5156622000000001,-2.1772404,0.40107059999999994,-6.2051351399999986,-11.58521076,-44.42716332
6.03,603,-0.098,0.046,-0.9840000000000001,-0.6875496,-2.6356068,0.3437748,-6.2165943,-11.613858660000002,-44.42143374000001
6.04,604,-0.099,0.044000000000000004,-0.981,-0.5156622000000001,-2.8074942000000003,0.286479,-6.22232388,-11.64250656,-44.41570416
6.05,605,-0.099,0.044000000000000004,-0.9840000000000001,-0.7448454000000001,-2.9220858,0.1718874,-6.14210976,-11.44770084,-44.48445912
6.06,606,-0.099,0.046,-0.987,-0.8021411999999999,-2.7501984,0.11459160000000004,-6.147839339999999,-11.47634874,-44.47872954
6.07,607,-0.099,0.047,-0.985,-0.9167328000000001,-2.5210152000000003,0.057295800000000015,-6.1592985,-11.50499664,-44.47299996
6.08,608,-0.099,0.048,-0.986,-0.8594370000000001,-2.2345362,0.0,-6.17075766,-11.52218538,-44.47299996
6.09,609,-0.098,0.047,-0.986,-0.6302538000000001,-1.9480572,-0.057295800000000015,-6.17648724,-11.545103700000002,-44.47299996
6.1,610,-0.09699999999999999,0.046,-0.9840000000000001,-0.6875496,-1.8907614,-0.1718874,-6.067625219999999,-11.27008386,-44.56467324
6.11,611,-0.095,0.046,-0.983,-0.9167328000000001,-1.8907614,-0.11459160000000004,-6.0733548000000015,-11.2872726,-44.56467324
6.12,612,-0.09300000000000001,0.046,-0.983,-0.9740286,-2.4064236,-0.057295800000000015,-6.08481396,-11.31019092,-44.56467324
6.13,613,-0.094,0.045,-0.981,-1.0313244000000001,-2.7501984,0.0,-6.09627312,-11.33883882,-44.55894366
6.14,614,-0.095,0.045,-0.983,-1.0313244000000001,-2.8074942000000003,0.0,-6.1077322800000005,-11.36748672,-44.55894366
6.15,615,-0.095,0.046,-0.987,-0.9167328000000001,-2.8074942000000003,0.0,-6.0275181600000005,-11.16122184,-44.62769862
6.16,616,-0.095,0.045,-0.988,-0.8594370000000001,-2.6929026,0.0,-6.0332477399999975,-11.18986974,-44.62196904
6.17,617,-0.096,0.042,-0.986,-1.145916,-2.291832,-0.057295800000000015,-6.0447069,-11.21278806,-44.62196904
6.18,618,-0.09300000000000001,0.04,-0.9890000000000001,-1.3178034,-2.2345362,-0.057295800000000015,-6.06189564,-11.23570638,-44.62196904
6.1899999999999995,619,-0.091,0.037000000000000005,-0.983,-1.4896908000000002,-2.3491277999999998,-0.1718874,-6.0733548000000015,-11.258624699999999,-44.62196904
6.2,620,-0.087,0.037000000000000005,-0.977,-1.8907614,-2.5210152000000003,-0.11459160000000004,-6.02178858,-11.109655620000002,-44.67353526
6.21,621,-0.08800000000000001,0.04,-0.977,-2.291832,-2.8074942000000003,-0.057295800000000015,-6.0447069,-11.13830352,-44.67353526
6.22,622,-0.092,0.045,-0.982,-2.5210152000000003,-2.6929026,0.057295800000000015,-6.067625219999999,-11.16695142,-44.66780568
6.2299999999999995,623,-0.096,0.048,-0.99,-2.291832,-2.2345362,0.0,-6.09627312,-11.18986974,-44.66780568
6.24,624,-0.1,0.048,-0.9890000000000001,-2.2345362,-1.9480572,0.0,-6.11919144,-11.20705848,-44.66780568
6.25,625,-0.099,0.045,-0.986,-2.4637194,-1.9480572,-0.1718874,-6.0790843799999985,-11.07527814,-44.71364232000001
6.26,626,-0.095,0.045,-0.986,-2.5783110000000002,-2.0053530000000004,-0.3437748,-6.1077322800000005,-11.09246688,-44.71364232000001
6.27,627,-0.092,0.045,-0.983,-2.5783110000000002,-2.4064236,-0.40107059999999994,-6.130650600000001,-11.12111478,-44.7193719
6.28,628,-0.09,0.049,-0.982,-2.6356068,-2.6929026,-0.40107059999999994,-6.1592985,-11.149762679999998,-44.7193719
6.29,629,-0.087,0.051,-0.983,-2.5210152000000003,-3.0366774,-0.286479,-6.18221682,-11.17841058,-44.7193719
6.3,630,-0.084,0.052000000000000005,-0.986,-2.2345362,-2.9793816000000004,-0.2291832000000001,-6.1592985,-11.04663024,-44.76520854
6.31,631,-0.083,0.052000000000000005,-0.987,-1.8907614,-2.9220858,-0.1718874,-6.17648724,-11.07527814,-44.76520854
6.32,632,-0.084,0.052000000000000005,-0.9840000000000001,-1.6615782,-2.8074942000000003,-0.057295800000000015,-6.19367598,-11.10392604,-44.76520854
6.33,633,-0.085,0.051,-0.985,-1.5469866,-2.6929026,-0.057295800000000015,-6.210864720000001,-11.13257394,-44.75947896
6.34,634,-0.086,0.051,-0.986,-1.3750992,-2.6929026,0.0,-6.22232388,-11.15549226,-44.75947896
6.35,635,-0.08900000000000001,0.051,-0.9840000000000001,-1.0313244000000001,-2.9220858,-0.11459160000000004,-6.165028080000001,-10.99506402,-44.81677476
6.36,636,-0.091,0.05,-0.9840000000000001,-0.7448454000000001,-3.2085647999999996,-0.1718874,-6.17075766,-11.02371192,-44.81677476
6.37,637,-0.094,0.05,-0.981,-0.9167328000000001,-3.8961144,-0.2291832000000001,-6.18221682,-11.06381898,-44.81104518
6.38,638,-0.094,0.052000000000000005,-0.985,-0.9167328000000001,-3.9534102,-0.2291832000000001,-6.19367598,-11.10392604,-44.81104518
6.39,639,-0.095,0.051,-0.9840000000000001,-0.8021411999999999,-3.9534102,-0.286479,-6.1994055600000015,-11.1440331,-44.81104518
6.4,640,-0.094,0.049,-0.981,-0.8594370000000001,-3.5523396000000003,-0.3437748,-6.147839339999999,-11.02371192,-44.86261140000001
6.41,641,-0.095,0.048,-0.983,-0.8021411999999999,-3.4377480000000005,-0.2291832000000001,-6.15356892,-11.0580894,-44.86261140000001
6.42,642,-0.09300000000000001,0.048,-0.985,-0.5156622000000001,-3.380452200000001,-0.1718874,-6.1592985,-11.09246688,-44.86261140000001
6.43,643,-0.091,0.048,-0.987,-0.4583664000000001,-3.4377480000000005,-0.1718874,-6.165028080000001,-11.12684436,-44.85688182
6.4399999999999995,644,-0.09,0.048,-0.986,-0.572958,-3.380452200000001,-0.11459160000000004,-6.17075766,-11.15549226,-44.85688182
6.45,645,-0.091,0.048,-0.9840000000000001,-0.6875496,-3.1512689999999997,0.0,-6.1020027,-10.98933444,-44.91417762
6.46,646,-0.091,0.048,-0.985,-0.6875496,-3.380452200000001,-0.11459160000000004,-6.1077322800000005,-11.02371192,-44.91417762
6.47,647,-0.092,0.048,-0.983,-0.7448454000000001,-3.5523396000000003,-0.057295800000000015,-6.113461859999999,-11.0580894,-44.90844804
6.4799999999999995,648,-0.09,0.048,-0.985,-0.8021411999999999,-3.6669312000000014,-0.057295800000000015,-6.12492102,-11.09819646,-44.90844804
6.49,649,-0.091,0.048,-0.985,-0.9167328000000001,-3.7242269999999995,-0.11459160000000004,-6.130650600000001,-11.13257394,-44.90844804
6.5,650,-0.091,0.049,-0.988,-1.0313244000000001,-3.4950437999999995,-0.11459160000000004,-6.08481396,-11.0007936,-44.95428468
6.51,651,-0.08900000000000001,0.046,-0.9890000000000001,-1.0313244000000001,-3.380452200000001,-0.11459160000000004,-6.09627312,-11.03517108,-44.9485551
6.52,652,-0.08900000000000001,0.044000000000000004,-0.986,-1.3178034,-3.6669312000000014,-0.057295800000000015,-6.1077322800000005,-11.07527814,-44.9485551
6.53,653,-0.08800000000000001,0.044000000000000004,-0.9840000000000001,-1.7188740000000002,-4.4690724,0.0,-6.12492102,-11.12111478,-44.9485551
6.54,654,-0.08900000000000001,0.044000000000000004,-0.983,-2.0626488000000003,-4.9847346,0.0,-6.147839339999999,-11.16695142,-44.94282552
6.55,655,-0.08900000000000001,0.045,-0.981,-2.3491277999999998,-4.9847346,0.11459160000000004,-6.130650600000001,-11.109655620000002,-44.96574384
6.56,656,-0.09,0.045,-0.9790000000000001,-2.6356068,-4.9274388,0.11459160000000004,-6.15356892,-11.15549226,-44.96001426
6.57,657,-0.092,0.049,-0.9790000000000001,-2.6929026,-4.8128472,0.057295800000000015,-6.18221682,-11.20705848,-44.95428468
6.58,658,-0.091,0.054000000000000006,-0.9840000000000001,-2.291832,-4.5263682,0.0,-6.2051351399999986,-11.25289512,-44.95428468
6.59,659,-0.086,0.055999999999999994,-0.988,-1.8907614,-4.3544808,-0.11459160000000004,-6.22805346,-11.29300218,-44.9485551
6.6,660,-0.08,0.055,-0.986,-1.8907614,-4.3544808,0.0,-6.2051351399999986,-11.18986974,-44.98866216
6.61,661,-0.081,0.055,-0.981,-2.0626488000000003,-4.583664,0.11459160000000004,-6.22805346,-11.23570638,-44.98293258
6.62,662,-0.084,0.055,-0.9790000000000001,-2.2345362,-4.9847346,0.11459160000000004,-6.25097178,-11.2872726,-44.977203
6.63,663,-0.08800000000000001,0.057,-0.981,-2.1772404,-5.042030400000002,0.0,-6.2738901,-11.33883882,-44.97147342
6.64,664,-0.087,0.057999999999999996,-0.985,-1.7761698000000001,-4.6982555999999995,0.0,-6.29107884,-11.38467546,-44.96574384
6.65,665,-0.086,0.055999999999999994,-0.987,-1.3750992,-4.5263682,-0.11459160000000004,-6.26243094,-11.2872726,-45.0058509
6.66,666,-0.08800000000000001,0.054000000000000006,-0.986,-1.3750992,-4.7555514,-0.057295800000000015,-6.2738901,-11.33310924,-45.00012132
6.67,667,-0.094,0.053,-0.983,-1.6042823999999998,-4.8701430000000006,-0.057295800000000015,-6.29107884,-11.38467546,-45.00012132
6.68,668,-0.098,0.052000000000000005,-0.981,-1.4896908000000002,-4.583664,-0.1718874,-6.30826758,-11.4305121,-44.99439174
6.6899999999999995,669,-0.098,0.048,-0.98,-1.2605076000000002,-4.0680017999999984,-0.286479,-6.31972674,-11.470619159999998,-44.99439174
6.7,670,-0.098,0.047,-0.98,-1.2605076000000002,-3.8961144,-0.40107059999999994,-6.2796196800000015,-11.3732163,-45.034498799999994
6.71,671,-0.099,0.048,-0.982,-1.145916,-3.8961144,-0.40107059999999994,-6.29107884,-11.41332336,-45.04022838
6.72,672,-0.098,0.05,-0.981,-1.145916,-3.8961144,-0.40107059999999994,-6.3025379999999975,-11.45343042,-45.04022838
6.7299999999999995,673,-0.098,0.053,-0.983,-1.145916,-3.7242269999999995,-0.3437748,-6.30826758,-11.4878079,-45.04022838
6.74,674,-0.096,0.055999999999999994,-0.985,-1.0886202,-3.7242269999999995,-0.2291832000000001,-6.31972674,-11.52791496,-45.04022838
6.75,675,-0.094,0.055999999999999994,-0.986,-1.2032118,-3.7815228,-0.1718874,-6.2853492599999985,-11.41332336,-45.08033544
6.76,676,-0.09300000000000001,0.057999999999999996,-0.985,-1.2032118,-3.9534102,-0.057295800000000015,-6.3025379999999975,-11.45343042,-45.07460586000001
6.77,677,-0.09300000000000001,0.057,-0.9840000000000001,-1.0313244000000001,-4.010706000000001,0.0,-6.30826758,-11.4878079,-45.07460586000001
6.78,678,-0.092,0.06,-0.9840000000000001,-0.8594370000000001,-3.6669312000000014,0.0,-6.31972674,-11.52791496,-45.06887628
6.79,679,-0.094,0.06,-0.985,-0.6302538000000001,-3.3231564,0.0,-6.3254563200000025,-11.562292439999998,-45.0631467
6.8,680,-0.095,0.06,-0.983,-0.5156622000000001,-2.9220858,0.0,-6.26816052,-11.35602756,-45.12617208
6.81,681,-0.095,0.059000000000000004,-0.981,-0.572958,-2.6929026,-0.057295800000000015,-6.2738901,-11.38467546,-45.12617208
6.82,682,-0.09699999999999999,0.057,-0.981,-0.572958,-2.4064236,0.0,-6.2796196800000015,-11.40759378,-45.120442499999996
6.83,683,-0.09699999999999999,0.054000000000000006,-0.981,-0.5156622000000001,-2.1772404,0.0,-6.2853492599999985,-11.4305121,-45.120442499999996
6.84,684,-0.09699999999999999,0.054000000000000006,-0.983,-0.3437748,-1.8334656000000005,-0.057295800000000015,-6.29107884,-11.44770084,-45.120442499999996
6.85,685,-0.096,0.052000000000000005,-0.983,-0.1718874,-1.3750992,-0.2291832000000001,-6.165028080000001,-11.1153852,-45.21784536
6.86,686,-0.09699999999999999,0.052000000000000005,-0.983,-0.286479,-0.7448454000000001,-0.286479,-6.17075766,-11.12111478,-45.21784536
6.87,687,-0.096,0.051,-0.988,-0.11459160000000004,-0.286479,-0.2291832000000001,-6.17075766,-11.12684436,-45.22357494
6.88,688,-0.09300000000000001,0.051,-0.987,0.057295800000000015,0.057295800000000015,-0.40107059999999994,-6.17075766,-11.12111478,-45.22357494
6.89,689,-0.09300000000000001,0.052000000000000005,-0.986,0.286479,0.4583664000000001,-0.4583664000000001,-6.165028080000001,-11.12111478,-45.22930452
6.9,690,-0.091,0.053,-0.985,0.4583664000000001,0.9167328000000001,-0.6302538000000001,-6.05616606,-10.800258300000001,-45.3209778
6.91,691,-0.08900000000000001,0.054000000000000006,-0.9890000000000001,0.572958,1.3750992,-0.7448454000000001,-6.05043648,-10.78879914,-45.33243696
6.92,692,-0.087,0.055999999999999994,-0.993,0.5156622000000001,1.8334656000000005,-0.9167328000000001,-6.0447069,-10.771610399999998,-45.34389612
6.93,693,-0.086,0.055,-0.9940000000000001,0.5156622000000001,2.1199446,-1.0313244000000001,-6.0332477399999975,-10.74869208,-45.35535528000001
6.9399999999999995,694,-0.084,0.053,-0.996,0.40107059999999994,2.3491277999999998,-1.145916,-6.0275181600000005,-10.73150334,-45.36681444
6.95,695,-0.084,0.049,-0.997,0.3437748,2.5783110000000002,-1.3178034,-5.958763200000001,-10.53096804,-45.42983982
6.96,696,-0.083,0.040999999999999995,-0.996,-0.11459160000000004,2.6356068,-1.6042823999999998,-5.9530336199999985,-10.50804972,-45.44702856
6.97,697,-0.079,0.035,-0.992,-1.2032118,2.7501984,-1.7761698000000001,-5.96449278,-10.4851314,-45.46994688
6.9799999999999995,698,-0.077,0.03,-0.9840000000000001,-2.9220858,2.6356068,-1.8334656000000005,-5.9931406800000016,-10.46221308,-45.48713562
6.99,699,-0.075,0.032,-0.976,-4.6982555999999995,2.4064236,-1.7761698000000001,-6.03897732,-10.43929476,-45.51005394
7.0,700,-0.075,0.035,-0.973,-6.6463128000000005,1.6042823999999998,-1.8334656000000005,-6.067625219999999,-10.35335106,-45.54443142
7.01,701,-0.073,0.047,-0.975,-7.2765666,-0.057295800000000015,-1.8907614,-6.14210976,-10.35335106,-45.56734974
7.02,702,-0.071,0.061,-0.975,-6.1879464,-1.6042823999999998,-2.0626488000000003,-6.1994055600000015,-10.37626938,-45.584538480000006
7.03,703,-0.067,0.07200000000000001,-0.975,-4.8701430000000006,-2.3491277999999998,-2.2345362,-6.2452422000000025,-10.399187699999999,-45.60172722
7.04,704,-0.061,0.081,-0.983,-3.9534102,-2.4637194,-2.3491277999999998,-6.2796196800000015,-10.4278356,-45.62464554
7.05,705,-0.057,0.086,-0.99,-3.2085647999999996,-2.1772404,-2.1772404,-6.30826758,-10.32470316,-45.67621176
7.06,706,-0.054000000000000006,0.08199999999999999,-0.9940000000000001,-2.4637194,-2.0626488000000003,-1.7761698000000001,-6.3254563200000025,-10.34762148,-45.6934005
7.07,707,-0.053,0.073,-0.993,-1.8334656000000005,-2.3491277999999998,-1.432395,-6.34264506,-10.37626938,-45.70485966
7.08,708,-0.055999999999999994,0.062,-0.9890000000000001,-1.432395,-2.7501984,-1.2032118,-6.35410422,-10.40491728,-45.71631882
7.09,709,-0.061,0.055999999999999994,-0.986,-1.432395,-3.0939732,-1.0313244000000001,-6.37129296,-10.43356518,-45.7220484
7.1,710,-0.071,0.057,-0.9840000000000001,-1.6615782,-3.0366774,-1.0313244000000001,-6.34264506,-10.33616232,-45.76215546
7.11,711,-0.081,0.057999999999999996,-0.982,-1.5469866,-2.6929026,-1.145916,-6.3598338000000005,-10.36481022,-45.77361462
7.12,712,-0.083,0.061,-0.983,-1.2605076000000002,-2.2345362,-1.3178034,-6.3655633799999976,-10.38772854,-45.78507378
7.13,713,-0.08199999999999999,0.061,-0.981,-0.6875496,-1.9480572,-1.2032118,-6.37129296,-10.41064686,-45.79653294000001
7.14,714,-0.08,0.06,-0.98,-0.2291832000000001,-1.6042823999999998,-0.9740286,-6.3770225400000005,-10.4278356,-45.80226252
7.15,715,-0.078,0.057999999999999996,-0.981,0.1718874,-1.5469866,-0.6302538000000001,-6.2738901,-10.16427492,-45.87674706
7.16,716,-0.078,0.053,-0.982,0.4583664000000001,-1.6042823999999998,-0.4583664000000001,-6.26816052,-10.18146366,-45.88247663999999
7.17,717,-0.077,0.048,-0.983,0.572958,-1.5469866,-0.3437748,-6.26243094,-10.1986524,-45.88247663999999
7.18,718,-0.076,0.045,-0.9840000000000001,0.5156622000000001,-1.4896908000000002,-0.2291832000000001,-6.25670136,-10.215841139999998,-45.88820622
7.1899999999999995,719,-0.078,0.046,-0.987,0.5156622000000001,-1.8334656000000005,-0.1718874,-6.25097178,-10.23302988,-45.88820622
7.2,720,-0.079,0.048,-0.988,0.6875496,-2.2345362,0.0,-6.15356892,-10.03249458,-45.93977244
7.21,721,-0.081,0.052000000000000005,-0.985,0.6302538000000001,-2.1199446,0.1718874,-6.147839339999999,-10.0554129,-45.93977244
7.22,722,-0.083,0.055,-0.982,0.572958,-1.8334656000000005,0.40107059999999994,-6.14210976,-10.07260164,-45.93404286
7.2299999999999995,723,-0.085,0.061,-0.982,0.4583664000000001,-1.7188740000000002,0.286479,-6.14210976,-10.08979038,-45.92831328
7.24,724,-0.086,0.064,-0.983,1.0886202,-1.7188740000000002,0.057295800000000015,-6.130650600000001,-10.10697912,-45.9225837
7.25,725,-0.081,0.065,-0.985,1.9480572,-1.8334656000000005,-0.11459160000000004,-6.0790843799999985,-9.969469199999999,-45.96269076
7.26,726,-0.07400000000000001,0.066,-0.982,2.3491277999999998,-1.8334656000000005,-0.1718874,-6.05616606,-9.99238752,-45.96269076
7.27,727,-0.07,0.063,-0.978,2.4637194,-2.1199446,0.11459160000000004,-6.0275181600000005,-10.00957626,-45.95696118
7.28,728,-0.068,0.062,-0.98,2.7501984,-2.5783110000000002,0.5156622000000001,-6.00459984,-10.03822416,-45.9512316
7.29,729,-0.067,0.063,-0.987,3.6096353999999997,-3.1512689999999997,0.9740286,-5.96449278,-10.06687206,-45.93977244
7.3,730,-0.063,0.062,-0.987,4.7555514,-3.8961144,1.3178034,-5.90719698,-10.03249458,-45.93977244
7.31,731,-0.057999999999999996,0.06,-0.9840000000000001,5.5003968,-4.3544808,1.5469866,-5.85563076,-10.07260164,-45.9225837
7.32,732,-0.054000000000000006,0.057999999999999996,-0.9840000000000001,5.844171599999999,-4.7555514,1.8907614,-5.79833496,-10.11843828,-45.89966538
7.33,733,-0.052000000000000005,0.051,-0.985,6.3598338,-4.9274388,2.4064236,-5.735309579999999,-10.16427492,-45.87101748
7.34,734,-0.055,0.046,-0.988,7.0473834,-4.8701430000000006,2.8074942000000003,-5.6722842,-10.21011156,-45.84236958
7.35,735,-0.062,0.043,-0.9890000000000001,7.734933000000002,-4.6409598,2.9220858,-5.58061092,-10.1986524,-45.81945126
7.36,736,-0.068,0.037000000000000005,-0.9890000000000001,7.734933000000002,-4.2398892,2.7501984,-5.50612638,-10.23875946,-45.79080336
7.37,737,-0.071,0.033,-0.99,7.2192707999999985,-4.297185,2.4637194,-5.43737142,-10.27886652,-45.76215546
7.38,738,-0.073,0.031,-0.9840000000000001,6.3598338,-4.1825934,2.2345362,-5.37434604,-10.31897358,-45.73923714
7.39,739,-0.073,0.032,-0.987,5.443101,-3.8961144,1.8907614,-5.32277982,-10.35335106,-45.71631882
7.4,740,-0.069,0.034,-0.987,4.8701430000000006,-3.9534102,1.6615782,-5.25402486,-10.31897358,-45.71631882
7.41,741,-0.065,0.034,-0.9890000000000001,4.4117766,-3.9534102,1.432395,-5.20818822,-10.35335106,-45.69913008
7.42,742,-0.061,0.038,-0.99,3.7242269999999995,-3.9534102,1.2032118,-5.17381074,-10.39345812,-45.68194134
7.43,743,-0.055,0.035,-0.992,3.4377480000000005,-4.1252976000000015,1.432395,-5.13943326,-10.43356518,-45.6647526
7.4399999999999995,744,-0.055999999999999994,0.035,-0.987,2.86479,-4.1252976000000015,1.5469866,-5.11651494,-10.47367224,-45.64756386
7.45,745,-0.057999999999999996,0.038,-0.986,2.0626488000000003,-4.0680017999999984,1.6042823999999998,-5.0706783,-10.399187699999999,-45.65329344
7.46,746,-0.064,0.037000000000000005,-0.983,1.7188740000000002,-4.010706000000001,1.5469866,-5.05348956,-10.43929476,-45.636104700000004
7.47,747,-0.069,0.038,-0.98,1.3178034,-3.6096353999999997,1.4896908000000002,-5.042030400000002,-10.47367224,-45.61891596
7.4799999999999995,748,-0.075,0.038,-0.9790000000000001,1.0313244000000001,-3.0366774,1.2605076000000002,-5.03630082,-10.502320139999998,-45.607456799999994
7.49,749,-0.079,0.04,-0.98,0.8021411999999999,-2.6356068,0.9167328000000001,-5.03057124,-10.52523846,-45.59599764
7.5,750,-0.08199999999999999,0.04,-0.98,0.7448454000000001,-2.291832,0.5156622000000001,-4.96754586,-10.34762148,-45.636104700000004
7.51,751,-0.08199999999999999,0.042,-0.982,0.6302538000000001,-2.0626488000000003,0.1718874,-4.96181628,-10.3705398,-45.63037512
7.52,752,-0.081,0.040999999999999995,-0.9840000000000001,0.6875496,-1.9480572,-0.11459160000000004,-4.9560867,-10.38772854,-45.63037512
7.53,753,-0.079,0.04,-0.983,0.7448454000000001,-1.8334656000000005,-0.2291832000000001,-4.94462754,-10.41064686,-45.636104700000004
7.54,754,-0.076,0.038,-0.987,0.6302538000000001,-1.7761698000000001,-0.3437748,-4.93889796,-10.4278356,-45.636104700000004
7.55,755,-0.073,0.035,-0.99,0.8594370000000001,-1.8907614,-0.3437748,-4.86441342,-10.22157072,-45.6934005
7.56,756,-0.069,0.034,-0.99,0.9740286,-2.1772404,-0.2291832000000001,-4.85295426,-10.24448904,-45.6934005
7.57,757,-0.066,0.034,-0.99,0.9740286,-2.291832,-0.1718874,-4.84722468,-10.26740736,-45.6934005
7.58,758,-0.064,0.033,-0.993,0.9740286,-2.4064236,0.0,-4.83576552,-10.29032568,-45.6934005
7.59,759,-0.062,0.031,-0.997,1.0313244000000001,-2.5783110000000002,0.11459160000000004,-4.82430636,-10.31897358,-45.68767092
7.6,760,-0.062,0.028999999999999998,-0.998,1.145916,-2.9793816000000004,0.2291832000000001,-4.76128098,-10.17573408,-45.7220484
7.61,761,-0.061,0.027000000000000003,-1.002,1.3750992,-3.380452200000001,0.40107059999999994,-4.749821819999998,-10.21011156,-45.71631882
7.62,762,-0.063,0.026000000000000002,-1.005,1.5469866,-3.8961144,0.5156622000000001,-4.73263308,-10.25021862,-45.71058924
7.63,763,-0.065,0.024,-1.001,1.8334656000000005,-4.3544808,0.572958,-4.71544434,-10.29032568,-45.70485966
7.64,764,-0.068,0.024,-0.993,1.432395,-4.4117766,1.0313244000000001,-4.703985179999999,-10.33616232,-45.68767092
7.65,765,-0.064,0.017,-0.986,1.0886202,-4.297185,1.145916,-4.64668938,-10.26167778,-45.70485966
7.66,766,-0.063,0.016,-0.978,0.9167328000000001,-4.5263682,1.145916,-4.63523022,-10.30178484,-45.68767092
7.67,767,-0.057999999999999996,0.018000000000000002,-0.9740000000000001,0.6875496,-4.8128472,1.0886202,-4.629500640000002,-10.34762148,-45.67621176
7.68,768,-0.057,0.023,-0.9740000000000001,0.3437748,-5.2712136,0.9740286,-4.629500640000002,-10.399187699999999,-45.6647526
7.6899999999999995,769,-0.055999999999999994,0.033,-0.975,0.0,-5.9014674000000005,0.7448454000000001,-4.629500640000002,-10.46221308,-45.65329344
7.7,770,-0.055,0.042,-0.976,0.0,-6.703608600000001,0.6302538000000001,-4.6180414800000005,-10.41064686,-45.6647526
7.71,771,-0.057,0.047,-0.978,0.057295800000000015,-7.2192707999999985,0.6302538000000001,-4.6180414800000005,-10.47940182,-45.65329344
7.72,772,-0.057999999999999996,0.047,-0.98,0.11459160000000004,-7.6776372,0.6302538000000001,-4.6180414800000005,-10.55961594,-45.64183428
7.7299999999999995,773,-0.062,0.045,-0.98,-0.057295800000000015,-7.7922288,0.572958,-4.6180414800000005,-10.63410048,-45.636104700000004
7.74,774,-0.066,0.042,-0.9840000000000001,0.0,-7.734933000000002,0.40107059999999994,-4.62377106,-10.70858502,-45.62464554
7.75,775,-0.068,0.04,-0.9890000000000001,0.057295800000000015,-7.3911582,0.11459160000000004,-4.6008527400000006,-10.679937120000002,-45.64183428
7.76,776,-0.073,0.037000000000000005,-0.9940000000000001,0.40107059999999994,-6.875496000000001,-0.11459160000000004,-4.59512316,-10.74869208,-45.64183428
7.77,777,-0.078,0.032,-0.998,0.8021411999999999,-6.3598338,-0.40107059999999994,-4.58939358,-10.81171746,-45.64183428
7.78,778,-0.08,0.026000000000000002,-0.998,1.2032118,-5.844171599999999,-0.6875496,-4.57220484,-10.86901326,-45.64756386
7.79,779,-0.081,0.018000000000000002,-0.997,1.3178034,-5.1566220000000005,-0.572958,-4.5550161000000005,-10.92057948,-45.64756386
7.8,780,-0.08,0.012,-0.993,1.3178034,-4.2398892,-0.40107059999999994,-4.48626114,-10.84036536,-45.68194134
7.81,781,-0.079,0.012,-0.991,0.9740286,-3.9534102,-0.40107059999999994,-4.4748019800000005,-10.88047242,-45.68194134
7.82,782,-0.075,0.013000000000000001,-0.991,0.6875496,-4.0680017999999984,-0.3437748,-4.4690724,-10.92057948,-45.68767092
7.83,783,-0.07200000000000001,0.017,-0.9890000000000001,0.3437748,-4.3544808,-0.3437748,-4.46334282,-10.96641612,-45.68767092
7.84,784,-0.07,0.022000000000000002,-0.987,0.1718874,-4.3544808,-0.3437748,-4.46334282,-11.00652318,-45.68767092
7.85,785,-0.069,0.027000000000000003,-0.987,0.2291832000000001,-4.5263682,-0.2291832000000001,-4.42323576,-10.90339074,-45.7220484
7.86,786,-0.07200000000000001,0.027000000000000003,-0.9840000000000001,0.057295800000000015,-4.6409598,-0.11459160000000004,-4.42323576,-10.95495696,-45.7220484
7.87,787,-0.073,0.027999999999999997,-0.977,-0.1718874,-4.5263682,0.0,-4.42323576,-10.99506402,-45.7220484
7.88,788,-0.073,0.027000000000000003,-0.976,-0.5156622000000001,-4.1252976000000015,0.0,-4.42896534,-11.04090066,-45.71631882
7.89,789,-0.075,0.028999999999999998,-0.978,-0.4583664000000001,-3.7815228,-0.057295800000000015,-4.43469492,-11.07527814,-45.71631882
7.9,790,-0.076,0.028999999999999998,-0.9840000000000001,-0.286479,-3.3231564,-0.1718874,-4.38885828,-10.90912032,-45.76215546
7.91,791,-0.075,0.03,-0.9840000000000001,-0.286479,-2.9793816000000004,-0.286479,-4.38885828,-10.93776822,-45.76215546
7.92,792,-0.075,0.027000000000000003,-0.982,-0.40107059999999994,-2.86479,-0.11459160000000004,-4.39458786,-10.96641612,-45.76215546
7.93,793,-0.079,0.025,-0.981,-0.7448454000000001,-2.7501984,0.0,-4.40031744,-10.99506402,-45.76215546
7.94,794,-0.08199999999999999,0.022000000000000002,-0.9840000000000001,-1.0313244000000001,-2.6929026,0.0,-4.4117766000000005,-11.02371192,-45.76215546
7.95,795,-0.08,0.018000000000000002,-0.987,-1.0886202,-2.6929026,0.0,-4.3544808,-10.85182452,-45.80226252
7.96,796,-0.077,0.018000000000000002,-0.988,-1.432395,-2.3491277999999998,0.0,-4.37166954,-10.87474284,-45.80226252
7.97,797,-0.075,0.02,-0.99,-1.6042823999999998,-2.0626488000000003,-0.057295800000000015,-4.38885828,-10.89766116,-45.80226252
7.9799999999999995,798,-0.07400000000000001,0.022000000000000002,-0.993,-1.6042823999999998,-1.7761698000000001,-0.1718874,-4.40604702,-10.914849900000002,-45.80226252
7.99,799,-0.073,0.021,-0.992,-1.7761698000000001,-1.8334656000000005,-0.11459160000000004,-4.42323576,-10.93776822,-45.80226252
8.0,800,-0.07200000000000001,0.023,-0.99,-1.8334656000000005,-2.1772404,-0.11459160000000004,-4.38885828,-10.78306956,-45.84236958
8.01,801,-0.07,0.023,-0.988,-1.9480572,-2.5210152000000003,-0.1718874,-4.4117766000000005,-10.80598788,-45.84236958
8.02,802,-0.068,0.025,-0.987,-2.0053530000000004,-2.9220858,-0.057295800000000015,-4.42896534,-10.83463578,-45.84236958
8.03,803,-0.068,0.028999999999999998,-0.9840000000000001,-1.9480572,-3.1512689999999997,0.0,-4.45188366,-10.86901326,-45.84236958
