TimeStamp(s),FrameCounter,AccX,AccY,AccZ,GyrX,GyrY,GyrZ,EulerX,EulerY,EulerZ
0.01,1,0.174,-1.01,0.037000000000000005,-12.5477802,0.4010706,4.2398892,96.73822872,4.02789474,-14.45573034
0.02,2,0.172,-1.012,0.035,-12.6623718,-1.0886202,5.0993262,96.61217795999998,3.97632852,-14.47291908
0.03,3,0.172,-1.023,0.032,-13.521808800000002,-2.9220857999999996,6.0733548,96.46893846,3.9190327200000006,-14.51302614
0.04,4,0.18,-1.039,0.011,-14.896907999999998,-4.9274388,7.6776372,96.3142398,3.85027776,-14.57032194
0.05,5,0.185,-1.053,-0.015,-15.2979786,-8.021412000000002,9.969469199999999,96.14235240000001,3.77006364,-14.66199522
0.060000000000000005,6,0.175,-1.065,-0.033,-15.126091199999998,-12.7769634,12.7196676,95.97619458,3.66120162,-14.80523472
0.06999999999999999,7,0.161,-1.073,-0.04,-14.896907999999998,-18.3919518,14.9542038,95.81576634,3.5351508600000003,-15.00577002
0.08,8,0.141,-1.071,-0.04,-15.183387000000002,-24.350715,17.0741484,95.64960852,3.39764094,-15.26360112
0.09,9,0.126,-1.06,-0.045,-16.042824000000003,-30.194886600000004,18.621135,95.47199154,3.2486718599999995,-15.57872802
0.09999999999999999,10,0.103,-1.041,-0.051,-16.558486199999994,-36.03905820000001,19.595163600000006,95.2829154,3.0997027800000003,-15.956880300000002
0.11,11,0.07200000000000001,-1.005,-0.048,-15.870936600000002,-41.596750799999995,19.4232762,95.09956884,2.9564632800000004,-16.38086922
0.12,12,0.009000000000000001,-0.952,-0.018000000000000002,-12.7769634,-46.409598,18.334656,94.95632934,2.82468294,-16.85642436
0.13,13,-0.042,-0.908,0.049,-8.7089616,-49.560867,16.1001198,94.84746732,2.7215505,-17.3606274
0.14,14,-0.083,-0.8959999999999999,0.14300000000000002,-10.1986524,-49.1025006,13.2353298,94.72714614,2.6413363800000003,-17.85910086
0.15000000000000002,15,-0.099,-0.909,0.17800000000000002,-15.6417534,-47.269034999999995,11.1153852,94.56098832,2.57258142,-18.334656000000006
0.16,16,-0.093,-0.95,0.19,-18.8503182,-45.9512316,9.740286,94.35472344,2.5210152000000003,-18.79875198
0.17,17,-0.068,-1.015,0.18,-21.2567418,-43.258329,10.026765,94.12554024,2.4637194,-19.23420006
0.18000000000000002,18,-0.06,-1.067,0.171,-21.6005166,-41.252976,11.516455800000001,93.89635704,2.38923486,-19.6524594
0.19,19,-0.07200000000000001,-1.112,0.173,-20.5691922,-40.5654264,13.120738199999998,93.67290342,2.29756158,-20.06498916
0.2,20,-0.08199999999999999,-1.15,0.173,-20.7410796,-39.3622146,14.667724800000002,93.45517938,2.1772404,-20.46033018
0.21000000000000002,21,-0.073,-1.17,0.163,-20.9702628,-37.2995658,15.5844576,93.23172576,2.05118964,-20.84421204
0.22,22,-0.046,-1.1740000000000002,0.158,-20.5691922,-34.7785506,16.2147114,93.0197313,1.9194093000000003,-21.199446
0.23,23,-0.01,-1.154,0.154,-19.595163600000006,-33.002380800000005,16.7876694,92.81346642,1.7761698,-21.53176164
0.24000000000000002,24,0.024,-1.119,0.155,-19.194093,-31.1689152,16.959556799999998,92.61293112,1.6329303,-21.85261812
0.25,25,0.043,-1.069,0.145,-20.05353,-29.507337,16.501190400000002,92.41239582,1.4896908000000002,-22.15055628
0.26,26,0.04,-1.023,0.13,-21.027558600000006,-28.6479,15.4125702,92.19467178,1.35218088,-22.44276486
0.27,27,0.013,-0.979,0.121,-21.6578124,-27.8457588,14.152062599999999,91.97121816,1.22613012,-22.72924386
0.28,28,-0.026,-0.948,0.106,-21.8869956,-25.84040580000001,13.349921400000001,91.74776454000002,1.10580894,-22.99280454
0.29000000000000004,29,-0.056,-0.935,0.106,-22.058883,-22.6891368,13.120738199999998,91.52431092,0.9912173399999998,-23.22198774
0.3,30,-0.079,-0.948,0.098,-22.5745452,-19.1367972,13.5791046,91.29512772,0.8537074199999999,-23.41679346
0.31,31,-0.08900000000000001,-0.964,0.075,-22.6891368,-15.2406828,14.381245800000002,91.06594452,0.7161975,-23.57722170000001
0.32,32,-0.083,-0.971,0.062,-22.4026578,-11.0007936,14.9542038,90.83676132,0.56722842,-23.6918133
0.33,33,-0.07,-0.974,0.066,-21.4286292,-6.8182002000000015,15.2979786,90.61903728,0.41825934,-23.760568260000003
0.34,34,-0.056,-0.975,0.076,-20.626488,-2.9793816000000004,15.183387000000002,90.4127724,0.26929026,-23.79494574
0.35000000000000003,35,-0.042,-0.978,0.085,-20.168121600000006,0.286479,14.7823164,90.21796668,0.11459160000000004,-23.79494574
0.36000000000000004,36,-0.024,-0.975,0.093,-20.168121600000006,2.291832,14.2093584,90.0117018,-0.02291832,-23.777757
0.37,37,-0.015,-0.987,0.095,-20.3973048,3.5523396000000003,13.750992000000002,89.80543692,-0.16615782,-23.74337952
0.38,38,-0.014,-0.995,0.092,-20.6837838,4.010706000000001,13.349921400000001,89.59344246,-0.29793816,-23.70900204
0.39,39,-0.014,-1.001,0.091,-20.340009,4.297185,13.0634424,89.38717758,-0.4297185000000001,-23.6631654
0.4,40,-0.022,-1.005,0.096,-19.595163600000006,4.8128472,12.834259199999998,89.19810143999999,-0.56149884,-23.61732876
0.41000000000000003,41,-0.031,-1.008,0.1,-19.194093,5.3858052,12.4331886,88.99756613999998,-0.6875496,-23.56576254
0.42000000000000004,42,-0.039,-1.003,0.102,-20.168121600000006,6.0733548,11.688343199999998,88.79130126,-0.8078707799999998,-23.50846674
0.43,43,-0.051,-0.995,0.1,-20.798375399999998,6.4744254,10.8289062,88.57930680000004,-0.9167328000000001,-23.44544136
0.44,44,-0.063,-0.979,0.081,-21.2567418,7.0473834,9.8548776,88.36158276,-1.01986524,-23.37095682
0.45,45,-0.066,-0.964,0.08,-20.2254174,8.3651868,8.479778399999999,88.16677704,-1.11153852,-23.29074270000001
0.46,46,-0.059,-0.952,0.097,-19.3659804,9.740286,7.2765666,87.96624174,-1.18029348,-23.19333984
0.47000000000000003,47,-0.053,-0.944,0.105,-19.0222056,10.6570188,6.2452422,87.77143602000002,-1.24331886,-23.090207400000004
0.48000000000000004,48,-0.046,-0.939,0.114,-18.162768600000003,11.229976800000001,5.1566220000000005,87.58235988,-1.29488508,-22.9756158
0.49,49,-0.038,-0.939,0.131,-17.246035799999998,11.2872726,4.4690724,87.4047429,-1.34072172,-22.866753780000003
0.5,50,-0.044,-0.947,0.133,-16.902261,11.0580894,4.0680017999999984,87.25004424,-1.38655836,-22.75789176
0.51,51,-0.052000000000000005,-0.954,0.13,-16.272007199999994,11.4018642,3.2085648,87.07815683999998,-1.41520626,-22.64330016
0.52,52,-0.063,-0.962,0.135,-15.183387000000002,12.5477802,1.7188740000000002,86.91772859999998,-1.432395,-22.52297898
0.53,53,-0.075,-0.967,0.14,-14.381245800000002,14.7823164,-0.3437748,86.76875952,-1.42666542,-22.374009899999997
0.54,54,-0.083,-0.972,0.14300000000000002,-13.2926256,17.303331600000003,-2.1199446,86.62552002,-1.39801752,-22.20785208
0.55,55,-0.081,-0.991,0.151,-12.4904844,19.480572,-3.0939732,86.52238758000001,-1.36936962,-22.01877594
0.56,56,-0.08199999999999999,-1.017,0.168,-12.7769634,20.511896399999998,-3.4950437999999995,86.37914808000002,-1.32926256,-21.82397022
0.5700000000000001,57,-0.09,-1.0490000000000002,0.16,-14.5531332,20.912967,-3.5523396000000003,86.22444942,-1.2891555000000001,-21.61770534
0.5800000000000001,58,-0.096,-1.086,0.118,-17.246035799999998,21.485925,-3.6669312000000014,86.04110286,-1.24331886,-21.41144046
0.59,59,-0.097,-1.129,0.044,-20.2827132,22.5172494,-3.8961144,85.82910840000002,-1.19748222,-21.19371642
0.6,60,-0.105,-1.214,-0.196,-27.6165756,21.485925,-3.380452200000001,85.53117024000002,-1.16310474,-20.98745154
0.61,61,-0.085,-1.223,-0.254,-29.8511118,17.8189938,-2.6929026,85.2275025,-1.12872726,-20.81556414
0.62,62,-0.013,-1.15,-0.153,-24.8663772,18.1054728,-5.5576926,84.96394182,-1.06570188,-20.64367674
0.63,63,0.022,-1.099,-0.118,-22.631841,20.9702628,-10.4278356,84.72902904,-0.95111028,-20.44887102
0.64,64,0.031,-1.127,-0.119,-18.7357266,25.1528562,-11.4018642,84.53422332,-0.8193299399999999,-20.20822866
0.65,65,0.021,-1.257,-0.15,-13.2353298,25.8977016,-5.844171599999999,84.39098382,-0.7448454000000001,-19.96185672
0.66,66,-0.03,-1.391,-0.135,-8.078707799999998,24.1788276,3.4950437999999995,84.29931054,-0.76203414,-19.72121436
0.67,67,-0.162,-1.489,-0.094,-6.9327918,23.3193906,12.5477802,84.22482600000002,-0.87089616,-19.480572
0.68,68,-0.328,-1.531,-0.119,-8.9381448,26.356068,14.7250206,84.12742313999998,-0.9969469199999998,-19.20555216
0.6900000000000001,69,-0.36,-1.517,-0.156,-10.4278356,33.0596766,5.5003968,84.00710196,-1.0313244,-18.87323652
0.7000000000000001,70,-0.24,-1.489,-0.21,-10.1986524,38.7319608,-8.136003599999999,83.89251035999997,-0.92246238,-18.50081382
0.7100000000000001,71,-0.073,-1.4269999999999998,-0.244,-8.307891,39.3049188,-17.9908812,83.7951075,-0.7161975,-18.1341207
0.72,72,0.063,-1.3730000000000002,-0.229,-5.6149884000000005,38.3308902,-21.772404,83.73208212,-0.46982556,-17.77888674
0.73,73,0.134,-1.319,-0.252,-5.844171599999999,38.2162986,-18.162768600000003,83.66332716000002,-0.25783110000000004,-17.42365278
0.74,74,0.131,-1.212,-0.299,-10.0840608,38.7319608,-13.8655836,83.55446514,-0.09167328,-17.056959659999997
0.75,75,0.113,-1.132,-0.327,-13.521808800000002,37.4714532,-10.8289062,83.3940369,0.04583664,-16.701725699999994
0.76,76,0.099,-1.05,-0.3720000000000001,-15.813640800000002,36.1536498,-9.1100322,83.23360865999999,0.16615782,-16.3579509
0.77,77,0.086,-0.959,-0.395,-17.131444199999994,35.9244666,-9.2819196,83.05599168,0.29220857999999994,-16.0141761
0.78,78,0.102,-0.879,-0.371,-16.386598799999998,35.46610020000001,-11.745639,82.88410428,0.43544808,-15.68186046
0.79,79,0.155,-0.831,-0.349,-15.3552744,34.4920716,-15.985528200000001,82.72367604,0.62452422,-15.36673356
0.8,80,0.211,-0.8170000000000001,-0.335,-13.750992000000002,32.0283522,-21.1421502,82.56897738,0.8823553199999999,-15.074524979999998
0.81,81,0.262,-0.85,-0.309,-12.834259199999998,28.074942,-24.5798982,82.43719704,1.15164558,-14.83388262
0.8200000000000001,82,0.295,-0.892,-0.287,-13.120738199999998,24.923673,-25.78311,82.3054167,1.432395,-14.62188816
0.8300000000000001,83,0.285,-0.931,-0.279,-14.037471,22.0015872,-25.2674478,82.1621772,1.70168526,-14.438541599999999
0.8400000000000001,84,0.247,-0.97,-0.28600000000000003,-15.3552744,20.626488,-24.694489800000003,82.00747854,1.96524594,-14.272383780000002
0.85,85,0.2,-1.002,-0.294,-14.7823164,21.3713334,-24.694489800000003,81.8470503,2.24599536,-14.0947668
0.86,86,0.13,-1.038,-0.292,-12.3758928,23.032911600000002,-24.2361234,81.72672911999999,2.50955604,-13.90569066
0.87,87,0.064,-1.063,-0.271,-9.568398599999998,25.55392680000001,-22.5745452,81.63505583999998,2.75592798,-13.687966619999996
0.88,88,0.013,-1.077,-0.243,-6.875496000000001,28.304125199999998,-20.3973048,81.57203046,2.99084076,-13.4358651
0.89,89,-0.014,-1.065,-0.215,-5.0993262,30.8824362,-19.0795014,81.53192340000003,3.214294380000001,-13.160845260000002
0.9,90,-0.023,-1.037,-0.177,-3.2658606,32.6013102,-19.308684600000007,81.50900508000002,3.4377480000000005,-12.86863668
0.91,91,-0.012,-0.998,-0.17,-3.6096354,33.804522,-20.454600600000006,81.48608676,3.67839036,-12.57069852
0.92,92,0.022,-0.925,-0.16,-4.0680017999999984,34.2055926,-21.6005166,81.45743886,3.93049188,-12.261301200000002
0.93,93,0.062,-0.857,-0.152,-4.1825934,32.4294228,-22.6891368,81.42879096,4.19405256,-11.9748222
0.9400000000000001,94,0.106,-0.787,-0.153,-4.5263682,30.1375908,-22.5172494,81.40014306,4.45188366,-11.71126152
0.9500000000000001,95,0.14300000000000002,-0.7390000000000001,-0.141,-3.2085648,26.356068,-21.9442914,81.37722474,4.703985179999999,-11.4878079
0.9600000000000001,96,0.17600000000000002,-0.7040000000000001,-0.131,-2.4064236,22.058883,-21.3713334,81.36576558,4.94462754,-11.29873176
0.97,97,0.196,-0.7,-0.124,-1.9480572,17.18874,-21.027558600000006,81.35430642,5.16808116,-11.16122184
0.98,98,0.211,-0.6970000000000001,-0.111,-1.2032118,11.8602306,-20.6837838,81.34857683999998,5.385805199999999,-11.07527814
0.99,99,0.209,-0.698,-0.1,-0.8021411999999999,6.4744254,-20.3973048,81.34284726,5.59779966,-11.04090066
1.0,100,0.209,-0.69,-0.09,-0.1718874,1.7188740000000002,-20.2254174,81.33711767999998,5.815523699999999,-11.05235982
1.01,101,0.197,-0.679,-0.08900000000000001,-0.3437748,-4.2398892,-19.0222056,81.32565852,5.9931406800000016,-11.12111478
1.02,102,0.187,-0.664,-0.078,-1.0886202,-8.5370742,-17.9908812,81.30274019999997,6.1592985,-11.23570638
1.03,103,0.173,-0.654,-0.07,-1.3178034,-12.1467096,-17.3606274,81.27409229999998,6.31399716,-11.37894588
1.04,104,0.161,-0.649,-0.075,-0.8594370000000001,-15.3552744,-16.042824000000003,81.25117398,6.45723666,-11.55656286
1.05,105,0.152,-0.6609999999999999,-0.081,-0.4583664000000001,-17.3606274,-14.2093584,81.22252608,6.58328742,-11.745639
1.06,106,0.155,-0.6829999999999999,-0.09,-0.3437748,-17.9908812,-12.6623718,81.19960776,6.6806902799999985,-11.9461743
1.07,107,0.168,-0.722,-0.087,1.145916,-17.9335854,-11.2872726,81.19387818,6.77236356,-12.14098002
1.08,108,0.171,-0.782,-0.069,0.8594370000000001,-17.5325148,-10.3705398,81.18241902,6.85257768,-12.330056160000002
1.09,109,0.171,-0.8270000000000001,-0.083,0.11459160000000004,-16.386598799999998,-8.021412000000002,81.16523028,6.90987348,-12.50194356
1.1,110,0.175,-0.868,-0.086,-0.9167328,-14.7250206,-6.016058999999999,81.14231196,6.96716928,-12.65664222
1.11,111,0.172,-0.897,-0.083,-1.432395,-13.178034,-4.8128472,81.11366405999998,7.001546759999999,-12.79415214
1.12,112,0.163,-0.925,-0.086,-2.0053530000000004,-11.229976800000001,-3.0939732,81.07928658,7.01300592,-12.90874374
1.1300000000000001,113,0.157,-0.947,-0.084,-1.5469866,-8.307891,-2.1772404,81.05636826,7.0244650800000015,-12.994687439999998
1.1400000000000001,114,0.15,-0.968,-0.076,0.0,-5.6149884000000005,-1.7761698,81.04490909999998,7.03592424,-13.051983240000002
1.1500000000000001,115,0.14400000000000002,-0.986,-0.063,2.2345362,-3.5523396000000003,-1.6042823999999998,81.12512322,7.06457214,-13.08063114
1.1600000000000001,116,0.132,-1.01,-0.022,5.5003968,-1.8907613999999997,-0.9167328,81.17668943999998,7.076031300000001,-13.10354946
1.17,117,0.125,-1.021,0.009000000000000001,9.2819196,0.11459160000000004,0.8594370000000001,81.27409229999998,7.06457214,-13.09781988
1.18,118,0.135,-1.025,0.023,11.688343199999998,2.6356068,3.0939732,81.39441348,7.0416538200000005,-13.0634424
1.19,119,0.165,-1.032,0.025,13.5791046,4.5263682,5.6722842,81.53765297999998,6.990087599999999,-13.011876179999998
1.2,120,0.187,-1.048,0.013,14.7823164,4.6982556,8.7662574,81.72099954000002,6.92133264,-12.94312122
1.21,121,0.207,-1.075,-0.006999999999999999,16.1001198,2.6929026,12.2040054,81.88715736,6.80674104,-12.89728458
1.22,122,0.23,-1.112,-0.027000000000000003,16.7303736,-1.0313244,15.469866,82.05904475999998,6.65777196,-12.88582542
1.23,123,0.252,-1.164,-0.063,16.042824000000003,-7.161975,18.6784308,82.219473,6.462966239999997,-12.93166206
1.24,124,0.319,-1.274,-0.208,12.9488508,-11.8602306,21.1421502,82.33979418,6.2452422000000025,-13.01760576
1.25,125,0.397,-1.4409999999999998,-0.449,-2.2345362,-3.2658606,19.767051,82.31687586000002,6.05043648,-13.02906492
1.26,126,0.457,-1.567,-0.535,-11.2872726,11.45916,13.464512999999998,82.21374342,5.930115299999999,-12.89728458
1.27,127,0.34700000000000003,-1.574,-0.411,-6.4744254,10.1413566,7.2192707999999985,82.15644762000002,5.86708992,-12.78842256
1.28,128,0.086,-1.533,-0.315,4.9847345999999995,-9.2819196,6.6463128000000005,82.20228426,5.79260538,-12.86863668
1.29,129,-0.069,-1.425,-0.233,12.3758928,-30.366774000000003,9.3965112,82.29968712,5.6722842,-13.15511568
1.3,130,0.005,-1.288,-0.223,10.9434978,-41.023792799999995,11.516455800000001,82.37417166,5.51185596,-13.54472712
1.31,131,0.218,-1.214,-0.231,10.313244,-46.6387812,10.7716104,82.4486562,5.3571573,-13.99163436
1.32,132,0.454,-1.207,-0.334,11.917526400000002,-53.22779820000001,8.307891,82.52887032,5.22537696,-14.50729656
1.33,133,0.545,-1.186,-0.389,12.834259199999998,-61.020027,8.193299399999999,82.61481402000003,5.08213746,-15.097443299999998
1.34,134,0.496,-1.095,-0.385,8.8235532,-65.94746579999999,11.0580894,82.65492108,4.91025006,-15.73342668
1.35,135,0.343,-0.991,-0.388,3.2658606,-68.182002,14.152062599999999,82.62627318,4.71544434,-16.392328380000002
1.36,136,0.156,-0.928,-0.383,0.9167328,-66.23394479999999,13.980175199999998,82.59189570000002,4.50917946,-17.02831176
1.37,137,-0.012,-0.921,-0.385,-0.572958,-63.48374640000001,11.0580894,82.55178864,4.33729206,-17.64137682
1.3800000000000001,138,-0.141,-0.927,-0.3720000000000001,-3.4950437999999995,-59.58763199999999,9.6256944,82.4773041,4.1825934,-18.21433482
1.3900000000000001,139,-0.225,-0.93,-0.35100000000000003,-5.5576926,-53.11320660000001,10.4851314,82.39136040000002,4.022165159999999,-18.72426744
1.4000000000000001,140,-0.249,-0.919,-0.322,-7.448453999999999,-44.8053156,12.5477802,82.27103922,3.82162986,-19.15971552
1.4100000000000001,141,-0.232,-0.906,-0.313,-7.448453999999999,-31.6845774,13.6364004,82.18509551999998,3.64974246,-19.4519241
1.42,142,-0.19,-0.921,-0.304,-6.1879464,-23.6631654,13.120738199999998,82.11061098,3.4950437999999995,-19.66964814
1.43,143,-0.126,-0.949,-0.307,-5.042030400000002,-17.5325148,12.0894138,82.05331518,3.35753388,-19.8243468
1.44,144,-0.068,-0.971,-0.309,-3.5523396000000003,-13.5791046,12.032117999999999,82.01320812,3.22002396,-19.94466798
1.45,145,-0.037000000000000005,-0.996,-0.28300000000000003,-0.9167328,-10.4278356,12.605076,81.95591232000002,3.0653253000000005,-20.03634126
1.46,146,-0.018000000000000002,-1.008,-0.267,0.1718874,-8.136003599999999,13.8655836,81.95591232000002,2.9220858,-20.09363706
1.47,147,-0.005,-1.008,-0.246,1.6042823999999998,-6.016058999999999,15.9282324,81.97310106,2.75592798,-20.13374412
1.48,148,0.016,-1.006,-0.212,3.0366774,-3.9534102,19.194093,82.00747854,2.5611222600000003,-20.14520328
1.49,149,0.033,-0.997,-0.182,3.4950437999999995,-2.4637194,23.0902074,82.04185602,2.33193906,-20.139473700000003
1.5,150,0.045,-0.973,-0.159,2.578311,-2.1199446,25.6685184,82.05904475999998,2.08556712,-20.12228496
1.51,151,0.051,-0.938,-0.149,1.7188740000000002,-2.578311,26.929026,82.08196308000002,1.81627686,-20.11655538
1.52,152,0.034,-0.899,-0.14,0.0,-3.380452200000001,26.8717302,82.08196308000002,1.5469866,-20.1108258
1.53,153,0.02,-0.856,-0.138,-2.6356068,-4.7555514,25.9549974,82.05331518,1.2891555000000001,-20.12228496
1.54,154,0.0,-0.8240000000000001,-0.145,-4.4690724,-6.0733548,24.1788276,82.00747854,1.04278356,-20.15093286
1.55,155,-0.014,-0.799,-0.146,-5.5003968,-6.4744254,22.058883,81.94445316,0.8136003599999999,-20.18531034
1.56,156,-0.01,-0.777,-0.154,-6.703608600000001,-5.958763200000001,19.6524594,81.88142778,0.61306506,-20.21968782
1.57,157,0.006999999999999999,-0.7509999999999999,-0.158,-8.193299399999999,-4.3544808,17.0741484,81.79548408,0.44117766,-20.24260614
1.58,158,0.025,-0.738,-0.166,-8.479778399999999,-3.8388186,15.2979786,81.70954037999998,0.28074942,-20.25979488
1.59,159,0.045,-0.716,-0.14,-8.3651868,-3.3231564,13.2926256,81.62359668,0.14896908,-20.27125404
1.6,160,0.065,-0.695,-0.109,-9.740286,-3.380452200000001,11.8602306,81.52619381999997,0.03437748,-20.28844278
1.61,161,0.062,-0.679,-0.12,-9.9121734,-5.2139178,11.3445684,81.42306138000002,-0.08021412,-20.32282026
1.62,162,0.041,-0.677,-0.124,-8.9381448,-8.021412000000002,12.1467096,81.33711767999998,-0.21199446,-20.38584564
1.6300000000000001,163,0.019,-0.6829999999999999,-0.106,-7.161975,-10.9434978,13.980175199999998,81.26263314,-0.36096354,-20.47751892
1.6400000000000001,164,-0.009000000000000001,-0.6920000000000001,-0.097,-5.7868758000000025,-12.6623718,15.9282324,81.20533734,-0.53285094,-20.57492178
1.6500000000000001,165,-0.034,-0.723,-0.083,-4.5263682,-13.2353298,16.673077799999998,81.16523028,-0.7161975,-20.6837838
1.6600000000000001,166,-0.049,-0.759,-0.078,-3.151269,-13.2926256,14.7823164,81.13658238,-0.8823553199999999,-20.79264582
1.6700000000000002,167,-0.05,-0.7929999999999999,-0.07400000000000001,-2.6356068,-13.2353298,12.0894138,81.11366405999998,-1.01413566,-20.90150784
1.68,168,-0.053,-0.825,-0.07,-2.0626488000000003,-13.349921400000001,9.3392154,81.09647532,-1.12872726,-21.02182902
1.69,169,-0.052000000000000005,-0.8590000000000001,-0.054000000000000006,-0.8021411999999999,-13.2353298,6.589017,81.09074574,-1.20894138,-21.1421502
1.7,170,-0.062,-0.885,-0.046,-0.286479,-12.4904844,4.1252976000000015,81.11366405999998,-1.27769634,-21.26247138
1.71,171,-0.08199999999999999,-0.909,-0.043,0.3437748,-11.688343199999998,1.8334656000000005,81.12512322,-1.31207382,-21.3713334
1.72,172,-0.093,-0.935,-0.036000000000000004,1.3750992,-10.255948199999999,0.0,81.14231196,-1.32353298,-21.47446584
1.73,173,-0.112,-0.958,-0.028,3.4950437999999995,-7.3911582,-0.6875496,81.18241902,-1.32353298,-21.54895038
1.74,174,-0.134,-0.99,0.003,5.72958,-4.010706000000001,-0.5156622000000001,81.23971482,-1.32353298,-21.58332786
1.75,175,-0.159,-1.019,0.029,6.3598338,0.3437748,-0.572958,81.40587264,-1.39801752,-21.59478702
1.76,176,-0.173,-1.052,0.037000000000000005,6.760904399999999,6.5317212,-1.2032118,81.46889802,-1.38082878,-21.53176164
1.77,177,-0.185,-1.084,0.036000000000000004,7.5057497999999985,12.605076,-2.0626488000000003,81.54338256,-1.3464512999999998,-21.41144046
1.78,178,-0.207,-1.12,0.035,7.9641161999999985,18.449247600000003,-2.86479,81.6178671,-1.29488508,-21.23382348
1.79,179,-0.227,-1.151,0.038,7.9641161999999985,25.1528562,-3.9534102,81.68662206,-1.22613012,-20.98745154
1.8,180,-0.238,-1.21,0.006,6.589017,31.4553942,-5.3858052,81.74964744,-1.1459160000000002,-20.68951338
1.81,181,-0.246,-1.317,-0.194,-0.7448454000000001,35.4088044,-6.589017,81.73245870000002,-1.04278356,-20.35146816
1.82,182,-0.179,-1.484,-0.498,-8.8235532,35.0650296,-5.1566220000000005,81.62932626,-0.95111028,-20.01342294
1.83,183,-0.07400000000000001,-1.6230000000000002,-0.62,-8.8235532,29.621928600000004,-0.9167328,81.53192340000003,-0.90527364,-19.72694394
1.84,184,0.032,-1.658,-0.422,-1.4896908000000002,23.7204612,2.1772404,81.50900508000002,-0.89954406,-19.492031160000003
1.85,185,0.157,-1.5630000000000002,-0.219,-1.432395,22.4026578,-1.8334656000000005,81.49181634,-0.8537074199999999,-19.27430712
1.86,186,0.201,-1.395,-0.215,-4.8128472,28.7051958,-10.4278356,81.43452054,-0.7161975,-19.00501686
1.87,187,0.147,-1.278,-0.204,-1.3178034,36.2682414,-13.178034,81.41160221999998,-0.5443101,-18.66697164
1.8800000000000001,188,-0.014,-1.317,-0.248,0.6302538000000001,44.1750618,-9.797581800000001,81.40587264,-0.38961144,-18.2487123
1.8900000000000001,189,-0.19,-1.352,-0.331,-4.0680017999999984,57.58227899999999,-5.2139178,81.35430642,-0.26929026,-17.69294304
1.9000000000000001,190,-0.287,-1.3430000000000002,-0.394,-6.703608600000001,66.9787902,-4.5263682,81.26836272,-0.15469866,-17.0455005
1.9100000000000001,191,-0.297,-1.226,-0.419,-10.3705398,70.93220040000001,-7.7349330000000025,81.15377112,0.00572958,-16.36368048
1.9200000000000002,192,-0.195,-1.0590000000000002,-0.421,-12.834259199999998,71.33327100000002,-10.8289062,81.0162612,0.20053530000000008,-15.68186046
1.93,193,-0.018000000000000002,-0.912,-0.404,-11.6310474,71.2759752,-12.7196676,80.89021044,0.41252976,-15.000040439999998
1.94,194,0.157,-0.8059999999999999,-0.366,-8.307891,71.2759752,-13.9228794,80.80426674,0.64171296,-14.32395
1.95,195,0.276,-0.742,-0.339,-6.417129599999999,70.473834,-14.5531332,80.71832304,0.89954406,-13.659318719999998
1.96,196,0.335,-0.743,-0.324,-5.0993262,67.322565,-14.2093584,80.66675682,1.12872726,-13.01760576
1.97,197,0.325,-0.7829999999999999,-0.318,-3.8388186,61.07732280000001,-13.0634424,80.63237934,1.34072172,-12.44464776
1.98,198,0.287,-0.821,-0.308,-3.0366774,55.1758554,-12.834259199999998,80.60946102,1.53552744,-11.92325598
1.99,199,0.247,-0.8540000000000001,-0.281,-1.6042823999999998,49.5035712,-13.6364004,80.59800186,1.73606274,-11.45916
2.0,200,0.209,-0.879,-0.267,-0.8021411999999999,44.2323576,-15.0114996,80.58081312,1.96524594,-11.05235982
2.01,201,0.16699999999999998,-0.895,-0.245,0.057295800000000015,40.4508348,-16.615782,80.5865427,2.18296998,-10.679937120000002
2.02,202,0.117,-0.902,-0.235,0.2291832000000001,38.2162986,-17.761698000000006,80.59800186,2.4064236,-10.33043274
2.03,203,0.079,-0.912,-0.23,0.2291832000000001,37.5860448,-18.9649098,80.60946102,2.6413363800000003,-9.99238752
2.04,204,0.046,-0.909,-0.227,0.11459160000000004,38.38818600000001,-19.2513888,80.62664975999998,2.88197874,-9.64861272
2.05,205,0.03,-0.901,-0.217,0.8021411999999999,40.04976420000001,-19.194093,80.63810892000002,3.1226211000000004,-9.28764918
2.0599999999999996,206,0.023,-0.892,-0.204,1.2605076000000002,41.8832298,-18.8503182,80.66675682,3.36326346,-8.90376732
2.07,207,0.019,-0.88,-0.194,1.2605076000000002,44.2323576,-18.3919518,80.69540472,3.60390582,-8.50269672
2.0799999999999996,208,0.017,-0.858,-0.177,1.2605076000000002,47.1544434,-17.8189938,80.7297822,3.8388186000000006,-8.067248639999999
2.09,209,0.022,-0.83,-0.159,1.6615782,50.6494872,-17.246035799999998,80.77561884,4.0794609600000005,-7.59742308
2.0999999999999996,210,0.033,-0.8109999999999999,-0.14,1.6615782,53.8007562,-16.7303736,80.8157259,4.30864416,-7.09322004
2.11,211,0.047,-0.794,-0.124,0.6302538000000001,56.4936588,-15.813640800000002,80.85583296,4.53782736,-6.560369099999999
2.1199999999999997,212,0.052000000000000005,-0.7759999999999999,-0.126,-1.3750992,58.44171600000001,-13.980175199999998,80.87875127999997,4.749821819999998,-6.01032942
2.13,213,0.056,-0.754,-0.119,-2.86479,60.16059,-12.0894138,80.89021044,4.95035712,-5.43737142
2.1399999999999997,214,0.062,-0.732,-0.117,-3.2658606,60.44706899999999,-10.7716104,80.89594002,5.13370368,-4.858683839999999
2.15,215,0.084,-0.708,-0.115,-3.0939732,60.332477399999995,-10.4851314,80.90739918,5.31705024,-4.27999626
2.1599999999999997,216,0.112,-0.685,-0.106,-2.4637194,59.014674,-10.599723,80.9303175,5.4946672199999975,-3.71849742
2.17,217,0.14800000000000002,-0.67,-0.104,-1.6615782,57.1812084,-10.4278356,80.95896540000003,5.6722842,-3.16845774
2.1799999999999997,218,0.19,-0.6679999999999999,-0.106,-0.9740286,54.8320806,-9.9121734,80.99334288,5.83844202,-2.6413363800000003
2.19,219,0.214,-0.679,-0.115,-0.572958,51.68081160000001,-8.7662574,81.02772036,5.9931406800000016,-2.1485925000000003
2.1999999999999997,220,0.242,-0.696,-0.11,0.9740286,48.128471999999995,-6.875496000000001,81.07928658,6.13638018,-1.6844965200000002
2.21,221,0.246,-0.723,-0.112,2.9220857999999996,43.4302164,-4.6409598,81.14804154,6.23951262,-1.2605076000000002
2.2199999999999998,222,0.24,-0.759,-0.093,4.3544808,40.393539,-2.6356068,81.23398524000002,6.31399716,-0.86516658
2.23,223,0.215,-0.807,-0.075,4.9847345999999995,37.6433406,-0.9167328,81.31992894,6.37129296,-0.49274388
2.2399999999999998,224,0.19,-0.866,-0.062,4.1825934,37.0130868,0.6302538000000001,81.40014306,6.411400019999999,-0.12605075999999998
2.25,225,0.166,-0.939,-0.056,3.5523396000000003,37.24227,2.1199446,81.48035718,6.4457775,0.24064236
2.26,226,0.153,-0.996,-0.053,0.4583664000000001,38.38818600000001,3.7815227999999994,81.52619381999997,6.451507079999999,0.62452422
2.27,227,0.142,-1.03,-0.069,-2.5210152000000003,39.591397799999996,6.016058999999999,81.53765297999998,6.4400479200000005,1.0255948199999998
2.28,228,0.145,-1.036,-0.08,-4.297185,41.6540466,8.4224826,81.53765297999998,6.40567044,1.44958374
2.29,229,0.15,-1.028,-0.083,-5.72958,44.34694920000001,9.8548776,81.52619381999997,6.3598338000000005,1.90222056
2.3,230,0.156,-1.027,-0.08800000000000001,-6.760904399999999,45.9512316,10.8289062,81.5032755,6.31399716,2.37204612
2.31,231,0.153,-1.025,-0.079,-7.2765666,47.1544434,11.229976800000001,81.47462759999998,6.25670136,2.85333084
2.32,232,0.155,-1.024,-0.049,-6.3025379999999975,47.6128098,11.4018642,81.45743886,6.1994055600000015,3.33461556
2.3299999999999996,233,0.171,-1.037,-0.028,-5.6149884000000005,48.0711762,10.3705398,81.45170928,6.15356892,3.82735944
2.34,234,0.192,-1.047,-0.011,-4.6982556,48.8160216,9.6256944,81.4459797,6.11919144,4.320103319999999
2.3499999999999996,235,0.22,-1.061,-0.003,-3.2085648,49.1025006,9.6256944,81.47462759999998,6.09627312,4.82430636
2.36,236,0.246,-1.068,0.01,-0.8021411999999999,48.128471999999995,10.7716104,81.51473466,6.0447069,5.31705024
2.3699999999999997,237,0.265,-1.067,0.012,1.5469866,45.0344988,13.2353298,81.57203046,5.97022236,5.77541664
2.38,238,0.28,-1.065,0.009000000000000001,3.2658606,41.8832298,16.501190400000002,81.64651500000002,5.85563076,6.2165943
2.3899999999999997,239,0.293,-1.07,0.0,5.6149884000000005,37.6433406,20.340009,81.73818828,5.7009320999999975,6.617664899999999
2.4,240,0.308,-1.106,0.026,7.6776372,33.8618178,24.0069402,81.85850946000002,5.51758554,6.990087599999999
2.4099999999999997,241,0.354,-1.181,-0.067,2.7501984,35.236917,26.41336380000001,81.92153484,5.2998615,7.37396946
2.42,242,0.391,-1.291,-0.317,-6.130650599999999,45.3782736,26.41336380000001,81.89288694,5.08786704,7.85525418
2.4299999999999997,243,0.396,-1.4369999999999998,-0.499,-10.5424272,59.35844880000001,21.7151082,81.83559113999998,4.94462754,8.46831924
2.44,244,0.292,-1.578,-0.469,-9.9121734,67.83822719999999,11.8602306,81.78402492,4.90452048,9.15586884
2.4499999999999997,245,0.027000000000000003,-1.618,-0.375,-6.6463128000000005,60.2178858,4.1252976000000015,81.75537702,4.9274388,9.75174516
2.46,246,-0.121,-1.491,-0.242,-4.583664,44.1750618,4.2398892,81.74391786,4.93316838,10.19292282
2.4699999999999998,247,-0.064,-1.271,-0.155,-4.8128472,31.2835068,9.3965112,81.71526996,4.87587258,10.5137793
2.48,248,0.119,-1.138,-0.197,-1.3178034,23.3193906,14.4385416,81.72099954000002,4.76128098,10.76588082
2.4899999999999998,249,0.359,-1.137,-0.293,4.8128472,18.3919518,17.5325148,81.78402492,4.612311900000001,10.9721457
2.5,250,0.5489999999999999,-1.171,-0.381,10.7716104,13.464512999999998,20.511896399999998,81.89288694,4.44615408,11.13257394
2.51,251,0.638,-1.146,-0.386,12.891555,8.136003599999999,24.350715,82.03612644,4.21697088,11.24716554
2.52,252,0.521,-1.029,-0.345,11.516455800000001,1.3178034,28.5906042,82.15644762000002,3.93622146,11.30446134
2.53,253,0.294,-0.927,-0.31,9.2819196,-5.3285094000000015,30.5959572,82.25385048,3.63255372,11.29300218
2.54,254,0.07200000000000001,-0.887,-0.282,7.6776372,-5.3285094000000015,29.1062664,82.32833502,3.34034514,11.27581344
2.55,255,-0.107,-0.8690000000000001,-0.263,4.010706000000001,-1.0886202,26.356068,82.33406459999998,3.0366774000000003,11.29300218
2.56,256,-0.215,-0.8340000000000001,-0.248,1.3178034,6.3598338,24.5226024,82.35125334,2.80176462,11.38467546
2.57,257,-0.271,-0.815,-0.252,0.3437748,15.3552744,24.2361234,82.3627125,2.5783110000000002,11.56802202
2.5799999999999996,258,-0.295,-0.833,-0.253,0.4010706,24.5798982,24.7517856,82.37417166,2.36058696,11.84304186
2.59,259,-0.287,-0.87,-0.236,0.9740286,34.60666320000001,25.3820394,82.39708998,2.14286292,12.21546456
2.5999999999999996,260,-0.238,-0.914,-0.218,1.6042823999999998,44.2323576,24.923673,82.41427872,1.9194093000000003,12.67956054
2.61,261,-0.179,-0.95,-0.225,1.8334656000000005,53.285094,24.0069402,82.44292662,1.74179232,13.2353298
2.6199999999999997,262,-0.123,-0.986,-0.208,3.0939732,59.186561399999995,23.777757,82.48303368,1.56417534,13.84839486
2.63,263,-0.067,-1.02,-0.201,4.8128472,64.0567044,24.1788276,82.54605906,1.39228794,14.51302614
2.6399999999999997,264,-0.021,-1.041,-0.188,6.703608600000001,68.182002,25.3820394,82.62054359999998,1.21467096,15.212034899999995
2.65,265,0.014,-1.056,-0.16899999999999998,8.250595200000001,71.44786260000002,27.2728008,82.7064873,1.01413566,15.951150719999998
2.6599999999999997,266,0.041,-1.06,-0.16,9.1100322,73.85428619999998,29.4500412,82.79816058,0.79641162,16.71318486
2.67,267,0.056,-1.027,-0.154,9.3965112,74.88561059999998,30.93973200000001,82.89556344,0.56722842,17.492407739999994
2.6799999999999997,268,0.062,-0.981,-0.145,10.255948199999999,74.88561059999998,31.741873200000004,82.99869588,0.32658606,18.26590104
2.69,269,0.046,-0.94,-0.128,10.3705398,74.1407652,31.51269000000001,83.09609874,0.0859437,19.03366476
2.6999999999999997,270,0.028,-0.909,-0.116,10.1413566,73.911582,30.252182399999995,83.18777202,-0.13750992,19.80142848
2.71,271,0.005,-0.889,-0.108,9.969469199999999,74.5418358,28.361421000000004,83.27371572000001,-0.34950438,20.5691922
2.7199999999999998,272,-0.013,-0.878,-0.096,9.797581800000001,75.74504759999998,26.4706596,83.35965941999999,-0.5443101,21.3426855
2.73,273,-0.024,-0.8690000000000001,-0.08800000000000001,9.568398599999998,77.34933000000002,24.637194,83.43987354000002,-0.72192708,22.13336754
2.7399999999999998,274,-0.03,-0.858,-0.078,8.9954406,79.06820400000002,23.376686399999997,83.5086285,-0.8823553199999999,22.94123832
2.75,275,-0.034,-0.8290000000000001,-0.078,8.193299399999999,80.95896540000003,22.5172494,83.5659243,-1.04278356,23.760568260000003
2.76,276,-0.03,-0.7929999999999999,-0.061,8.9381448,82.7351352,21.8869956,83.62894968,-1.18602306,24.60281652
2.77,277,-0.018000000000000002,-0.7709999999999999,-0.047,10.4278356,85.5999252,21.485925,83.7091638,-1.32926256,25.4679831
2.78,278,-0.014,-0.7609999999999999,-0.028,11.8029348,88.7511942,21.772404,83.7951075,-1.47250206,26.36752716
2.79,279,-0.017,-0.762,-0.024,12.6623718,91.8451674,22.86102420000001,83.88678078000002,-1.6272007199999998,27.301448699999998
2.8,280,-0.03,-0.772,-0.011,13.6364004,94.4234784,24.4080108,83.98418364,-1.7933585399999998,28.25828856
2.81,281,-0.042,-0.789,0.001,14.32395,97.2882684,26.069589,84.08731608000002,-1.9767051,29.24377632
2.82,282,-0.048,-0.805,-0.002,14.32395,100.4968332,27.7311672,84.18471894,-2.17151082,30.269371140000004
2.8299999999999996,283,-0.05,-0.8340000000000001,-0.005,15.5844576,103.8772854,28.6479,84.28785138,-2.38350528,31.32361386
2.84,284,-0.043,-0.856,0.002,17.303331600000003,107.3150334,28.5906042,84.40244298,-2.58977016,32.41223406
2.8499999999999996,285,-0.029,-0.8690000000000001,0.009000000000000001,18.7930224,110.6381898,26.356068,84.52849374,-2.76738714,33.52950216000001
2.86,286,-0.01,-0.868,0.016,19.5378678,111.3830352,23.204799,84.6545445,-2.9220858,34.652499840000004
2.8699999999999997,287,-0.001,-0.867,0.014,19.5378678,110.294415,19.767051,84.78632483999998,-3.04813656,35.76403836
2.88,288,0.006,-0.8809999999999999,-0.001,18.2200644,108.05987879999999,17.9908812,84.89518686,-3.15699858,36.84692898
2.8899999999999997,289,0.001,-0.907,-0.035,17.18874,105.8253426,17.475219,84.99831929999998,-3.2658606,37.91263086
2.9,290,0.0,-0.934,-0.04,17.589810600000003,103.5335106,17.8762896,85.10145173999999,-3.380452200000001,38.94968484
2.9099999999999997,291,-0.003,-0.962,-0.034,17.761698000000006,101.5854534,18.334656,85.21031375999998,-3.50077338,39.96955008
2.92,292,-0.017,-0.978,-0.026,18.5065434,101.0697912,18.048177,85.31917578,-3.62682414,40.98941532
2.9299999999999997,293,-0.055,-0.981,-0.006999999999999999,20.454600600000006,102.1584114,17.303331600000003,85.45095612,-3.74141574,42.01501014
2.94,294,-0.092,-0.979,0.003,21.3713334,103.418919,16.329303,85.58273646,-3.85027776,43.05206412
2.9499999999999997,295,-0.12,-0.972,0.033,22.4026578,105.8826384,15.126091199999998,85.73170554,-3.9534102,44.11203642
2.96,296,-0.14800000000000002,-0.974,0.091,23.835052800000003,108.5182452,14.152062599999999,85.8864042,-4.0393539,45.20065662
2.9699999999999998,297,-0.172,-0.991,0.12,23.7204612,111.0392604,12.834259199999998,86.02964370000002,-4.11956802,46.31219514
2.98,298,-0.194,-1.024,0.13,23.6631654,113.96134620000001,11.45916,86.17288319999999,-4.1825934,47.45238156
2.9899999999999998,299,-0.199,-1.07,0.14300000000000002,23.4339822,117.6855732,9.3965112,86.31039312,-4.23415962,48.62694546
3.0,300,-0.191,-1.125,0.14300000000000002,22.1161788,123.18597,6.9327918,86.43644388,-4.25707794,49.85307558
3.01,301,-0.191,-1.203,0.119,19.0222056,130.9781988,4.297185,86.51665799999998,-4.25707794,51.15369024
3.02,302,-0.196,-1.314,-0.006999999999999999,12.0894138,136.82237039999998,2.2345362,86.51665799999998,-4.23415962,52.511600699999995
3.03,303,-0.13,-1.4469999999999998,-0.24,3.6669312000000014,144.0416412,2.0053530000000004,86.43071429999998,-4.20551172,53.9439957
3.04,304,-0.002,-1.5490000000000002,-0.353,1.8907613999999997,148.5680094,3.0939732,86.32185228,-4.1825934,55.41649776000001
3.05,305,0.14,-1.601,-0.246,4.4117766,145.244853,3.9534102,86.24163816000002,-4.16540466,56.85462234000001
3.06,306,0.27,-1.584,-0.112,-0.5156622000000001,134.3013552,1.8907613999999997,86.12131698,-4.13675676,58.18961448
3.07,307,0.312,-1.4340000000000002,-0.126,-6.6463128000000005,126.05076000000001,-0.572958,85.94942957999999,-4.0794609600000005,59.43866292
3.08,308,0.307,-1.248,-0.134,-4.0680017999999984,126.6810138,-2.7501984,85.8004605,-3.99351726,60.68771136
3.09,309,0.194,-1.124,-0.078,-3.9534102,125.9361684,-8.250595200000001,85.65722099999998,-3.85600734,61.92530064
3.0999999999999996,310,0.063,-1.056,-0.121,-9.224623800000002,127.88422560000001,-14.0947668,85.46241528,-3.64974246,63.18007865999999
3.11,311,0.014,-1.073,-0.159,-10.3705398,133.90028460000002,-17.9908812,85.25615040000002,-3.40337052,64.49215248
3.1199999999999997,312,0.033,-1.096,-0.196,-15.813640800000002,138.1974696,-20.5691922,84.99831929999998,-3.1226211000000004,65.83860378
3.13,313,0.08,-1.075,-0.245,-23.8923486,138.5412444,-20.626488,84.67173324000002,-2.8361421,67.18505508000001
3.1399999999999997,314,0.129,-1.016,-0.309,-30.7105488,135.33267959999998,-16.157415599999997,84.27639222,-2.58404058,68.50285848
3.15,315,0.17600000000000002,-0.95,-0.309,-30.5959572,130.29064920000002,-9.3392154,83.8810512,-2.38350528,69.77482524000001
3.1599999999999997,316,0.208,-0.899,-0.214,-25.3247436,126.3945348,-2.4637194,83.56019472,-2.2631841,71.0181441
3.17,317,0.207,-0.878,-0.139,-20.2254174,126.337239,1.0886202,83.28517488,-2.1657812400000003,72.26146296
3.1799999999999997,318,0.16899999999999998,-0.877,-0.104,-17.761698000000006,128.45718359999998,2.86479,83.04453251999998,-2.07983754,73.52770014000002
3.19,319,0.12,-0.904,-0.095,-16.7303736,130.2333534,4.1252976000000015,82.80961973999997,-1.99962342,74.81685564
3.1999999999999997,320,0.08,-0.928,-0.092,-16.2147114,131.1500862,5.3858052,82.58043654000002,-1.9194093000000003,76.11174072
3.21,321,0.06,-0.937,-0.081,-15.756345000000001,131.2646778,5.958763200000001,82.3627125,-1.84492476,77.40662579999999
3.2199999999999998,322,0.061,-0.933,-0.067,-15.2406828,130.5198324,5.7868758000000025,82.15071803999999,-1.76471064,78.6957813
3.23,323,0.077,-0.928,-0.069,-14.610429000000002,129.6030996,5.0993262,81.94445316,-1.67303736,79.97920722
3.2399999999999998,324,0.092,-0.921,-0.07400000000000001,-13.5791046,128.34259200000002,4.9847345999999995,81.75537702,-1.5813640800000002,81.2454444
3.25,325,0.117,-0.925,-0.039,-11.229976800000001,127.0820844,5.9014674000000005,81.59494878,-1.48396122,82.50022242
3.26,326,0.139,-0.932,-0.013,-9.969469199999999,127.13938020000002,7.448453999999999,81.4459797,-1.40947668,83.75500044
3.27,327,0.152,-0.941,-0.001,-8.136003599999999,127.48315500000001,9.6829902,81.31419936,-1.3464512999999998,85.02123762
3.28,328,0.157,-0.956,0.01,-6.0733548,127.36856340000001,11.917526400000002,81.20533734,-1.31207382,86.28747480000001
3.29,329,0.152,-0.963,0.011,-5.1566220000000005,126.5091264,14.32395,81.10793448000003,-1.29488508,87.54798240000002
3.3,330,0.145,-0.953,0.001,-3.4950437999999995,125.191323,16.615782,81.03344994,-1.2891555000000001,88.80276042
3.31,331,0.145,-0.929,0.006,-1.3750992,123.1286742,17.9335854,80.97615413999998,-1.30634424,90.03462012
3.32,332,0.151,-0.902,0.016,0.4010706,120.5503632,17.8762896,80.93604708,-1.32926256,91.24929108
3.33,333,0.14800000000000002,-0.878,0.029,2.3491278,117.8574606,16.272007199999994,80.91885834,-1.3349921400000002,92.42958456
3.34,334,0.15,-0.873,0.043,3.7815227999999994,116.023995,13.9228794,80.91312875999998,-1.32353298,93.58695972
3.3499999999999996,335,0.16,-0.88,0.044,4.4117766,115.1072622,11.45916,80.92458792,-1.27769634,94.73287572
3.36,336,0.168,-0.899,0.039,5.042030400000002,114.018642,9.5111028,80.93604708,-1.22040054,95.86733256
3.3699999999999997,337,0.174,-0.918,0.044,5.6149884000000005,113.33109240000002,8.5370742,80.95896540000003,-1.1573751600000002,96.99033024
3.38,338,0.17600000000000002,-0.925,0.037000000000000005,6.1879464,113.1019092,8.7089616,80.98188372,-1.10007936,98.11332792
3.3899999999999997,339,0.17800000000000002,-0.914,0.035,6.875496000000001,113.2737966,9.969469199999999,81.0162612,-1.05424272,99.24205518
3.4,340,0.183,-0.888,0.045,7.6776372,114.1905294,12.0894138,81.07355700000002,-1.01413566,100.37651202
3.4099999999999997,341,0.187,-0.862,0.071,8.3651868,116.023995,13.120738199999998,81.11939364,-0.9969469199999998,101.53961676000002
3.42,342,0.185,-0.843,0.07400000000000001,9.2819196,118.1439396,13.349921400000001,81.17668943999998,-0.97975818,102.71991024000002
3.4299999999999997,343,0.18600000000000005,-0.83,0.076,10.7143146,119.5763346,13.349921400000001,81.25117398,-0.96256944,103.91166288
3.44,344,0.193,-0.816,0.07,12.4904844,121.00872959999998,13.521808800000002,81.34284726,-0.9453806999999999,105.12060426
3.4499999999999997,345,0.209,-0.797,0.068,14.152062599999999,122.9567868,13.6364004,81.45743886,-0.9167328000000001,106.34673438
3.46,346,0.222,-0.7709999999999999,0.059,14.8396122,123.8162238,13.980175199999998,81.57203046,-0.90527364,107.58432366
3.4699999999999998,347,0.224,-0.7559999999999999,0.03,15.2406828,123.8735196,15.183387000000002,81.69235164,-0.90527364,108.82191294
3.48,348,0.22,-0.758,-0.016,15.2979786,124.10270279999999,16.8449652,81.81267282,-0.92819196,110.07096138
3.4899999999999998,349,0.215,-0.785,-0.081,13.980175199999998,125.1340272,17.7044022,81.91580526,-0.96256944,111.3257394
3.5,350,0.204,-0.845,-0.125,10.7716104,128.1707046,17.131444199999994,81.98456021999998,-0.9740286,112.60343573999998
3.51,351,0.177,-0.934,-0.14800000000000002,6.9327918,131.78034,13.980175199999998,82.0189377,-0.96829902,113.92123913999998
3.52,352,0.121,-1.02,-0.17600000000000002,1.2605076000000002,135.73375019999997,7.6776372,81.9902898,-0.89381448,115.26196086
3.53,353,0.056,-1.069,-0.189,-5.2712136,141.23414699999995,-0.6302538000000001,81.89861652,-0.72765666,116.64851922
3.54,354,-0.024,-1.069,-0.145,-9.740286,145.817811,-10.255948199999999,81.76110659999998,-0.46409598,118.06945506
3.55,355,-0.113,-0.99,-0.08900000000000001,-14.037471,147.70857239999995,-18.7357266,81.59494878,-0.11459160000000004,119.4903909
3.56,356,-0.112,-0.868,-0.02,-15.9282324,147.42209340000005,-24.4653066,81.4173318,0.29220857999999994,120.89986758
3.57,357,-0.006999999999999999,-0.7659999999999999,0.024,-15.0114996,144.7291908,-24.5798982,81.25690356,0.7104679199999999,122.28069636
3.58,358,0.133,-0.7390000000000001,0.023,-12.834259199999998,138.31206120000002,-19.9962342,81.12512322,1.07716104,123.60995892
3.59,359,0.268,-0.782,-0.011,-10.5424272,128.8582542,-11.8029348,81.02772036,1.35218088,124.85327778
3.5999999999999996,360,0.374,-0.86,-0.012,-6.589017,116.8261362,-2.4637194,80.98188372,1.5527161800000002,125.9934642
3.61,361,0.411,-0.948,0.011,-4.5263682,103.1897358,6.130650599999999,80.95323582,1.6272007199999998,127.01332943999998
3.6199999999999997,362,0.373,-1.018,0.029,-4.0680017999999984,89.8971102,12.0894138,80.92458792,1.62147114,127.9128735
3.63,363,0.248,-1.071,0.044,-3.6669312000000014,79.29738719999997,14.152062599999999,80.89594002,1.5870936600000003,128.70928511999998
3.6399999999999997,364,0.103,-1.129,0.051,-3.2658606,71.44786260000002,11.516455800000001,80.87302170000002,1.56417534,129.4312122
3.65,365,-0.021,-1.199,0.042,-2.0626488000000003,66.9787902,7.448453999999999,80.87875127999997,1.56990492,130.10157306000002
3.6599999999999997,366,-0.087,-1.26,0.042,-0.057295800000000015,66.80690279999999,3.724227,80.88448086000002,1.62147114,130.76047476
3.67,367,-0.111,-1.3,0.06,2.4064236,68.35388940000001,0.572958,80.92458792,1.70168526,131.43083561999998
3.6799999999999997,368,-0.094,-1.287,0.092,4.2398892,70.8176088,-1.3750992,80.97615413999998,1.81054728,132.12411479999997
3.69,369,-0.047,-1.202,0.1,4.9274388,73.79699040000001,-1.2605076000000002,81.03917952,1.91367972,132.84604188
3.6999999999999997,370,0.004,-1.086,0.08800000000000001,5.3285094000000015,75.2866812,2.0053530000000004,81.1308528,1.98816426,133.59088728
3.71,371,0.048,-0.963,0.086,5.1566220000000005,75.1147938,7.161975,81.19960776,2.01108258,134.34146226
3.7199999999999998,372,0.067,-0.882,0.087,4.6982556,73.625103,11.8602306,81.26263314,1.98816426,135.08057808
3.73,373,0.073,-0.8420000000000001,0.078,5.443101,71.04679200000002,14.610429000000002,81.33711767999998,1.93086846,135.80250516
3.7399999999999998,374,0.079,-0.845,0.086,7.2192707999999985,68.2392978,14.266654199999998,81.42306138000002,1.87357266,136.49005476
3.75,375,0.078,-0.84,0.102,7.7922288,65.2599162,11.688343199999998,81.53765297999998,1.84492476,137.14895646
3.76,376,0.079,-0.8220000000000001,0.123,8.4224826,62.45242200000001,7.906820400000001,81.63505583999998,1.83919518,137.77921026
3.77,377,0.092,-0.8079999999999999,0.132,9.6256944,60.2751816,4.297185,81.74391786,1.86784308,138.37508658
3.78,378,0.102,-0.784,0.134,11.0580894,58.9573782,0.2291832000000001,81.86996862,1.93659804,138.95950374
3.79,379,0.1,-0.759,0.13699999999999998,13.0634424,57.983349600000004,-3.8388186,82.01320812,2.03973048,139.52673216
3.8,380,0.09,-0.74,0.142,15.469866,56.9520252,-7.2765666,82.20801384,2.1772404,140.07677184
3.81,381,0.062,-0.7140000000000001,0.155,17.589810600000003,56.72284200000001,-10.3705398,82.39708998,2.34339822,140.62108194
3.82,382,0.037000000000000005,-0.6920000000000001,0.168,19.0795014,58.2125328,-12.318597,82.60908443999998,2.52674478,141.18258078
3.83,383,0.012,-0.693,0.183,21.1421502,60.905435399999995,-13.980175199999998,82.84399721999998,2.72728008,141.76699793999995
3.84,384,-0.006999999999999999,-0.723,0.184,22.1161788,65.7182826,-15.756345000000001,83.09036916,2.94500412,142.39725174
3.8499999999999996,385,-0.03,-0.764,0.175,22.91832,70.9894962,-18.1054728,83.36538900000002,3.18564648,143.07907176
3.86,386,-0.045,-0.81,0.17,23.5485738,76.89096359999998,-20.454600600000006,83.64040884,3.45493674,143.81818758
3.8699999999999997,387,-0.054000000000000006,-0.841,0.177,25.2674478,82.4486562,-21.8869956,83.93261742,3.73568616,144.6145992
3.88,388,-0.039,-0.841,0.196,27.215505,87.31879920000002,-22.5172494,84.25347389999997,4.02789474,145.45684746
3.8899999999999997,389,0.002,-0.8140000000000001,0.209,29.335449600000004,90.813843,-23.14750320000001,84.60297828,4.320103319999999,146.33920278
3.9,390,0.049,-0.7929999999999999,0.212,31.5699858,91.1576178,-22.5172494,84.99831929999998,4.60658232,147.22155809999995
3.9099999999999997,391,0.08800000000000001,-0.779,0.235,34.262888399999994,89.4387438,-20.454600600000006,85.41084906,4.858683839999999,148.09818384
3.92,392,0.127,-0.799,0.247,35.7525792,86.05829159999998,-17.131444199999994,85.83483798,5.0706783,148.9404321
3.9299999999999997,393,0.158,-0.825,0.256,34.4347758,81.18814859999998,-13.6936962,86.24163816000002,5.24829528,149.7425733
3.94,394,0.14300000000000002,-0.8370000000000001,0.266,31.5699858,77.062851,-11.2872726,86.62552002,5.385805199999999,150.50460744
3.9499999999999997,395,0.096,-0.851,0.269,29.5646328,76.2607098,-9.1100322,87.00940188,5.5003968,151.26091200000005
3.96,396,0.057,-0.852,0.264,27.2728008,77.8649922,-8.5370742,87.35317668,5.603529239999999,152.0344053
3.9699999999999998,397,0.033,-0.838,0.251,24.064235999999998,79.9849368,-10.0840608,87.66257399999998,5.71812084,152.82508733999995
3.98,398,0.02,-0.826,0.234,22.7464326,81.07355700000002,-11.745639,87.96624174,5.849901179999999,153.62722853999998
3.9899999999999998,399,0.006,-0.833,0.209,21.8869956,80.44330319999997,-12.5477802,88.25845032,5.97595194,154.42936974
4.0,400,0.017,-0.862,0.165,18.162768600000003,79.24009140000003,-12.7196676,88.52774058,6.1020027,155.21432219999997
4.01,401,0.057,-0.913,0.083,11.0007936,76.2607098,-12.318597,88.71108714,6.22232388,155.97635634
4.02,402,0.112,-0.986,-0.029,0.7448454000000001,71.44786260000002,-10.599723,88.78557168,6.31972674,156.68109468
4.03,403,0.184,-1.048,-0.15,-7.6776372,66.00476160000001,-6.6463128000000005,88.76838294000002,6.382752120000001,157.33999638
4.04,404,0.246,-1.1,-0.225,-13.6364004,62.853492599999996,1.2032118,88.69389840000002,6.3655633799999976,157.95879101999995
4.05,405,0.315,-1.108,-0.316,-19.9962342,59.0719698,13.5791046,88.52774058,6.2452422000000025,158.54320818
4.06,406,0.341,-1.055,-0.388,-18.449247600000003,52.0245864,25.78311,88.38450107999998,5.9874111,159.06459996
4.07,407,0.366,-0.973,-0.33,-10.4278356,35.7525792,34.262888399999994,88.31574612,5.6436363,159.43129308
4.08,408,0.377,-0.949,-0.213,-1.145916,17.7044022,36.38283300000001,88.31574612,5.2826727600000005,159.61463964
4.09,409,0.394,-1.02,-0.099,6.6463128000000005,12.834259199999998,31.51269000000001,88.39596024,4.97327544,159.75214956
4.1,410,0.386,-1.238,-0.006,7.5630456000000015,13.349921400000001,23.777757,88.48190394,4.749821819999998,159.88965948
4.109999999999999,411,0.272,-1.518,0.006,-0.9740286,15.527161800000002,16.673077799999998,88.48763352,4.5836640000000015,160.05008772000005
4.12,412,0.135,-1.741,-0.036000000000000004,-9.568398599999998,19.7097552,14.667724800000002,88.40168982,4.4404245000000016,160.24489344
4.13,413,0.07200000000000001,-1.87,-0.062,-7.6776372,24.350715,17.6471064,88.33866443999996,4.26280752,160.49126538000004
4.14,414,0.08199999999999999,-1.876,0.013,6.2452422,28.0176462,21.485925,88.41887856000002,4.05081306,160.77774438
4.1499999999999995,415,0.06,-1.786,0.13,21.199446,36.096354,21.2567418,88.65952092,3.8388186000000006,161.1444375
4.16,416,-0.039,-1.648,0.235,27.3300966,49.1025006,13.6936962,88.96318865999999,3.70130868,161.63718138
4.17,417,-0.159,-1.505,0.32299999999999995,24.1788276,60.905435399999995,1.432395,89.2382085,3.67839036,162.24451686
4.18,418,-0.197,-1.399,0.34600000000000003,16.615782,69.900876,-9.9121734,89.44447338,3.77006364,162.93779604
4.1899999999999995,419,-0.135,-1.284,0.276,11.4018642,77.635809,-17.246035799999998,89.59917204,3.9247623,163.70555976
4.2,420,-0.003,-1.188,0.231,10.7716104,82.62054359999998,-18.621135,89.76532986,4.09092012,164.5248897
4.21,421,0.141,-1.106,0.198,7.5630456000000015,83.7091638,-16.329303,89.89138061999998,4.23415962,165.35567880000005
4.22,422,0.265,-1.013,0.161,2.5210152000000003,80.90166959999998,-13.980175199999998,89.97159474,4.3544808,166.15782
4.2299999999999995,423,0.376,-0.901,0.124,-2.0626488000000003,74.42724419999998,-11.9748222,89.99451306,4.45188366,166.89693582
4.24,424,0.466,-0.7929999999999999,0.091,-7.906820400000001,63.9994086,-11.3445684,89.95440599999998,4.549286520000001,167.52718962
4.25,425,0.519,-0.6940000000000001,0.053,-10.1413566,51.0505578,-11.3445684,89.88565104,4.71544434,168.02566308000004
4.26,426,0.539,-0.628,0.032,-9.5111028,36.32553720000001,-10.7716104,89.81689608,4.812847199999998,168.38662662
4.27,427,0.505,-0.59,0.023,-8.59437,20.798375399999998,-9.0527364,89.74241154,4.893061319999998,168.5928915
4.28,428,0.439,-0.5760000000000001,0.032,-5.6722842,5.844171599999999,-7.161975,89.69084532,4.96754586,168.65018730000003
4.29,429,0.358,-0.569,0.076,-0.5156622000000001,-5.72958,-6.0733548,89.67938615999998,5.02484166,168.5928915
4.3,430,0.278,-0.5720000000000001,0.126,3.5523396000000003,-12.6623718,-6.130650599999999,89.72522280000004,5.1222445200000015,168.46684074
4.31,431,0.191,-0.585,0.145,5.6722842,-16.615782,-5.7868758000000025,89.77105944,5.1852699,168.30068292
4.32,432,0.109,-0.612,0.142,8.9954406,-17.7044022,-4.010706000000001,89.85127356000002,5.22537696,168.12306594
4.33,433,0.033,-0.662,0.139,13.8655836,-15.9282324,-0.5156622000000001,89.97732432000002,5.23683612,167.96836728
4.34,434,-0.015,-0.727,0.132,18.907614000000002,-13.0061466,4.3544808,90.16067088,5.2024586400000015,167.84231652
4.35,435,-0.033,-0.8140000000000001,0.136,22.2307704,-10.1413566,9.568398599999998,90.40131324,5.08786704,167.74491366
4.36,436,-0.041,-0.887,0.16,24.1788276,-5.6722842,13.6364004,90.6419556,4.9560867,167.69334744
4.37,437,-0.044,-0.921,0.179,24.5226024,1.0313244,15.126091199999998,90.89405712,4.80711762,167.69907701999998
4.38,438,-0.043,-0.922,0.199,23.6058696,8.193299399999999,14.5531332,91.14042906,4.66387812,167.78502071999995
4.39,439,-0.043,-0.92,0.21600000000000005,22.2307704,15.9282324,12.6623718,91.37534184,4.53209778,167.93971938
4.3999999999999995,440,-0.044,-0.923,0.229,20.2254174,23.777757,10.8289062,91.62744336,4.39458786,168.18036174000005
4.41,441,-0.034,-0.933,0.236,17.8762896,30.9970278,9.8548776,91.82797866,4.27999626,168.48402948
4.42,442,-0.016,-0.95,0.246,17.0741484,36.096354,10.4278356,92.02278438,4.1539455,168.83926344
4.43,443,0.015,-0.979,0.248,16.501190400000002,39.47680620000001,12.4904844,92.2175901,4.00497642,169.22887488
4.4399999999999995,444,0.051,-1.002,0.241,14.495837400000001,40.2216516,15.0687954,92.38374792,3.82735944,169.61848632
4.45,445,0.094,-1.005,0.213,9.797581800000001,38.1590028,16.157415599999997,92.52125784,3.65547204,169.99090902
4.46,446,0.156,-0.985,0.156,5.3285094000000015,34.262888399999994,14.152062599999999,92.59574238000002,3.48931422,170.32322466
4.47,447,0.231,-0.929,0.116,3.724227,29.0489706,9.6829902,92.6473086,3.3689930400000003,170.60970366
4.4799999999999995,448,0.299,-0.847,0.1,5.042030400000002,23.14750320000001,3.6096354,92.7046044,3.31742682,170.83315728
4.49,449,0.321,-0.7829999999999999,0.07200000000000001,4.5263682,16.8449652,-2.0053530000000004,92.7619002,3.3231564,171.00504468
4.5,450,0.298,-0.727,0.021,1.8907613999999997,11.2872726,-5.72958,92.77335936,3.43201842,171.11390669999997
4.51,451,0.25,-0.69,-0.053,-3.4377480000000005,7.5057497999999985,-8.479778399999999,92.73898188,3.5122325400000003,171.18839124000004
4.52,452,0.195,-0.6709999999999999,-0.106,-10.1986524,2.6929026,-11.9748222,92.63584944,3.62682414,171.22276872
4.53,453,0.127,-0.664,-0.132,-16.673077799999998,-3.6096354,-17.6471064,92.46969162,3.80444112,171.19412082000005
4.54,454,0.052000000000000005,-0.6940000000000001,-0.17,-24.1788276,-6.990087599999999,-24.8663772,92.2175901,4.05654264,171.13109544
4.55,455,-0.006,-0.745,-0.221,-32.085648000000006,-6.0733548,-32.4294228,91.85089698,4.37166954,171.07379964
4.56,456,-0.061,-0.8079999999999999,-0.282,-38.8465524,-0.3437748,-38.2162986,91.45555596,4.74409224,171.07952922
4.57,457,-0.112,-0.867,-0.306,-33.0596766,9.0527364,-39.820581,91.1289699,5.13370368,171.17693208
4.58,458,-0.17800000000000002,-1.0,-0.244,-18.449247600000003,14.7250206,-35.9817624,90.95135292,5.48320806,171.32590116
4.59,459,-0.235,-1.216,-0.094,-10.3705398,14.381245800000002,-28.0176462,90.85967964,5.75249832,171.47487024
4.6,460,-0.237,-1.439,-0.002,-11.8029348,8.59437,-14.610429000000002,90.74508804,5.88427866,171.56081394
4.61,461,-0.166,-1.639,0.059,-15.183387000000002,5.3285094000000015,-7.7349330000000025,90.59611896,5.958763200000001,171.61238016
4.62,462,-0.067,-1.847,0.152,-15.813640800000002,4.7555514,-8.9381448,90.43569072,6.0447069,171.66394638
4.63,463,0.032,-2.055,0.209,-15.4125702,6.5317212,-17.131444199999994,90.28672164,6.210864720000001,171.72697176000003
4.64,464,0.108,-2.094,0.278,-5.72958,3.724227,-26.7571386,90.23515542,6.474425399999999,171.76707882
4.6499999999999995,465,0.195,-1.983,0.343,1.2032118,-6.5317212,-30.1375908,90.240885,6.77809314,171.70405344
4.66,466,0.32,-1.787,0.338,2.9220857999999996,-16.959556799999998,-26.1268848,90.25234416,7.0416538200000005,171.53789562
4.67,467,0.35,-1.58,0.292,2.0626488000000003,-22.5172494,-17.131444199999994,90.24661458,7.2192707999999985,171.31444199999999
4.68,468,0.253,-1.453,0.232,-3.2658606,-22.91832,-1.3178034,90.18931878,7.23645954,171.08525880000005
4.6899999999999995,469,0.095,-1.358,0.181,-6.0733548,-21.8869956,9.969469199999999,90.10337508,7.144786260000001,170.86180518
4.7,470,-0.075,-1.26,0.165,-5.6149884000000005,-21.5432208,16.386598799999998,90.04034970000002,6.955710119999999,170.64981071999995
4.71,471,-0.247,-1.137,0.16899999999999998,-4.8128472,-18.9649098,19.1367972,89.96586515999998,6.77236356,170.46073458
4.72,472,-0.348,-1.001,0.146,-8.8235532,-12.032117999999999,18.3919518,89.8684623,6.589017,170.34041340000005
4.7299999999999995,473,-0.362,-0.862,0.128,-7.7349330000000025,-2.4064236,14.5531332,89.78824818,6.4457775,170.31749508
4.74,474,-0.309,-0.7659999999999999,0.136,-4.9847345999999995,8.7662574,7.9641161999999985,89.74241154,6.3655633799999976,170.40343878
4.75,475,-0.22,-0.687,0.16699999999999998,-1.8334656000000005,18.8503182,0.8594370000000001,89.77105944,6.29680842,170.59251492
4.76,476,-0.136,-0.644,0.17600000000000002,0.2291832000000001,29.67922440000001,-5.72958,89.80543692,6.348374640000001,170.89045308
4.77,477,-0.079,-0.607,0.171,3.0366774,36.6120162,-7.2765666,89.8684623,6.411400019999999,171.25714620000005
4.78,478,-0.057,-0.5770000000000001,0.179,6.3025379999999975,40.6227222,-5.5576926,89.97732432000002,6.45723666,171.65821680000005
4.79,479,-0.058,-0.552,0.175,7.333862400000001,41.9978214,-2.291832,90.09191592,6.4686958200000015,172.07647614
4.8,480,-0.08,-0.537,0.14800000000000002,7.8495246,40.4508348,0.4010706,90.22369626,6.43431834,172.48327632000004
4.81,481,-0.08900000000000001,-0.555,0.132,7.5057497999999985,38.38818600000001,1.6615782,90.33828786,6.40567044,172.86715818
4.82,482,-0.073,-0.594,0.126,7.161975,36.38283300000001,0.8021411999999999,90.44714988,6.3884817000000025,173.22812172000005
4.83,483,-0.03,-0.677,0.119,7.2765666,34.2055926,-1.6615782,90.5560119,6.39421128,173.57189652
4.84,484,0.034,-0.769,0.114,9.167328,31.3980984,-6.130650599999999,90.67633308,6.4400479200000005,173.88702342
4.85,485,0.08900000000000001,-0.83,0.111,10.7716104,28.074942,-11.1153852,90.83103174,6.543180359999999,174.16777284
4.86,486,0.109,-0.88,0.097,10.5424272,22.7464326,-16.2147114,90.96281208,6.69787902,174.39695604
4.87,487,0.103,-0.903,0.091,9.3965112,15.4125702,-19.7097552,91.0716741,6.886955159999999,174.55738428
4.88,488,0.083,-0.894,0.094,8.9381448,7.906820400000001,-19.8243468,91.17480654,7.08176088,174.64332798
4.89,489,0.073,-0.8590000000000001,0.11,8.651665800000002,2.6356068,-17.7044022,91.26647982,7.25364828,174.67197588000005
4.8999999999999995,490,0.057,-0.82,0.116,8.021412000000002,-0.2291832000000001,-13.8655836,91.36961226,7.37969904,174.67770546
4.91,491,0.037000000000000005,-0.805,0.134,8.7662574,-1.7188740000000002,-8.5370742,91.45555596,7.46564274,174.66624629999995
4.92,492,-0.002,-0.8340000000000001,0.15,11.3445684,-2.7501984,-2.6356068,91.57014756,7.49429064,174.63759840000003
4.93,493,-0.046,-0.882,0.17600000000000002,12.6623718,-2.4064236,1.4896908000000002,91.69619832,7.48283148,174.61468008
4.9399999999999995,494,-0.093,-0.919,0.19,10.9434978,0.9740286,5.1566220000000005,91.81078992,7.431265259999999,174.62613924
4.95,495,-0.146,-0.922,0.184,7.6776372,7.1046792000000005,7.2765666,91.94829984,7.242189120000001,174.70635336
4.96,496,-0.202,-0.897,0.182,7.3911582,14.7823164,7.906820400000001,92.03997312,7.15624542,174.84959286
4.97,497,-0.243,-0.865,0.15,3.0366774,22.631841,8.3651868,92.09153934,7.05884256,175.07304648
4.9799999999999995,498,-0.232,-0.787,0.077,-5.6149884000000005,30.080295,8.250595200000001,92.06862102,6.955710119999999,175.37098464000005
4.99,499,-0.171,-0.711,-0.008,-12.834259199999998,35.122325399999994,9.1100322,91.97694774,6.8411185199999975,175.71475944
5.0,500,-0.044,-0.677,-0.09,-18.9649098,36.898495200000006,13.9228794,91.79933076,6.6749607000000015,176.06999340000004
5.01,501,0.112,-0.715,-0.138,-21.2567418,36.32553720000001,21.3140376,91.62171378,6.4400479200000005,176.42522736
5.02,502,0.27,-0.813,-0.188,-24.2934192,35.5806918,29.67922440000001,91.40971932,6.12492102,176.76327257999995
5.03,503,0.453,-0.962,-0.189,-31.5699858,28.304125199999998,39.0757356,91.11178116,5.71812084,177.03256284
5.04,504,0.5589999999999999,-1.148,-0.238,-39.0184398,7.8495246,46.123119,90.72216972,5.25402486,177.09558822
5.05,505,0.645,-1.371,-0.302,-38.8465524,-6.760904399999999,46.5241896,90.31536954,4.80138804,177.02110368
5.06,506,0.728,-1.61,-0.241,-27.788463,-9.568398599999998,38.7892566,90.02889053999998,4.41750618,176.91797124
5.07,507,0.637,-1.811,-0.055,-17.589810600000003,-8.651665800000002,25.3820394,89.84554397999999,4.16540466,176.83202753999996
5.08,508,0.487,-1.871,-0.053,-17.246035799999998,-6.9327918,12.6623718,89.66219742,4.0393539,176.757543
5.09,509,0.4,-1.863,0.092,4.583664,-13.0634424,5.3858052,89.70230448,3.98778768,176.63149224
5.1,510,0.241,-1.885,0.34,22.91832,-15.0114996,5.3858052,89.93148768,3.94195104,176.48252316
5.11,511,-0.019,-1.862,0.445,25.55392680000001,-3.8388186,12.318597,90.18931878,3.82162986,176.44814567999995
5.12,512,-0.264,-1.7919999999999998,0.4320000000000001,21.829699800000004,11.1153852,15.0687954,90.41850198,3.67266078,176.5570077
5.13,513,-0.368,-1.679,0.312,10.599723,24.694489800000003,11.5737516,90.53882316,3.54661002,176.80337964
5.14,514,-0.329,-1.547,0.224,-2.0626488000000003,33.518043,3.724227,90.53309358,3.50077338,177.13569528
5.1499999999999995,515,-0.185,-1.4240000000000002,0.22,-9.8548776,36.4401288,-6.3598338,90.45860904,3.5351508600000003,177.49665882
5.16,516,0.03,-1.361,0.214,-15.4125702,35.122325399999994,-15.3552744,90.31536954,3.67839036,177.8461632
5.17,517,0.214,-1.3019999999999998,0.201,-17.5325148,31.971056400000002,-19.8243468,90.15494129999999,3.86173692,178.16129009999997
5.18,518,0.362,-1.22,0.203,-16.902261,28.304125199999998,-21.1421502,90.00024264,4.06227222,178.44203951999995
5.1899999999999995,519,0.445,-1.116,0.19,-18.621135,24.350715,-19.9962342,89.82262566,4.25134836,178.67695229999995
5.2,520,0.455,-0.996,0.146,-21.199446,18.6784308,-18.162768600000003,89.6392791,4.49199072,178.86029886
5.21,521,0.404,-0.879,0.099,-22.86102420000001,10.9434978,-16.558486199999994,89.41582548,4.65814854,178.9634313
5.22,522,0.324,-0.784,0.059,-24.694489800000003,3.0366774,-15.3552744,89.16372396,4.80711762,178.98634962
5.2299999999999995,523,0.228,-0.701,0.033,-25.210152,-3.2658606,-13.464512999999998,88.90589286,4.93889796,178.95197214
5.24,524,0.141,-0.6509999999999999,0.022,-22.7464326,-8.9954406,-11.0007936,88.6652505,5.04775998,178.85456928000005
5.25,525,0.087,-0.614,0.002,-21.6578124,-9.2819196,-9.167328,88.43606729999998,5.13943326,178.76289599999996
5.26,526,0.045,-0.5660000000000001,0.004,-19.2513888,-7.7922288,-7.8495246,88.23553199999998,5.2139178,178.67695229999995
5.27,527,0.01,-0.511,0.019,-16.272007199999994,-4.8701430000000006,-7.0473834,88.06937418,5.2826727600000005,178.62538608
5.28,528,-0.02,-0.465,0.027000000000000003,-13.178034,-1.6042823999999998,-6.2452422,87.93186426,5.3456981400000005,178.60819734
5.29,529,-0.044,-0.4320000000000001,0.037000000000000005,-10.8289062,1.9480572,-4.583664,87.82300224,5.39153478,178.62538608
5.3,530,-0.053,-0.42,0.033,-9.167328,5.3858052,-2.291832,87.73705853999998,5.40299394,178.67695229999995
5.31,531,-0.041,-0.429,0.066,-6.990087599999999,7.8495246,1.145916,87.67403316,5.39153478,178.75143684
5.32,532,-0.008,-0.476,0.114,-2.578311,7.6776372,6.2452422,87.65111484,5.3285094000000015,178.83165096
5.33,533,0.043,-0.557,0.105,-1.3178034,6.3025379999999975,12.032117999999999,87.64538526,5.20818822,178.90040592
5.34,534,0.108,-0.631,0.075,0.0,4.0680017999999984,18.7357266,87.65111484,5.02484166,178.94624256
5.35,535,0.16899999999999998,-0.695,0.077,4.5263682,0.286479,24.7517856,87.71414021999998,4.80711762,178.95770172
5.36,536,0.219,-0.758,0.106,10.4278356,-4.1252976000000015,28.5906042,87.81727266,4.5206386200000015,178.92905381999995
5.37,537,0.218,-0.795,0.145,14.2093584,-7.6776372,29.507337,87.96051216,4.22843004,178.86602843999995
5.38,538,0.158,-0.7959999999999999,0.192,17.3606274,-9.5111028,28.0176462,88.13239956,3.9534102,178.78008474
5.39,539,0.049,-0.7809999999999999,0.259,19.595163600000006,-8.880849000000003,24.064235999999998,88.32720528,3.71276784,178.69987062
5.3999999999999995,540,-0.05,-0.792,0.279,17.8762896,-1.9480572,18.2773602,88.57930680000004,3.50077338,178.69414104
5.41,541,-0.101,-0.835,0.259,12.3758928,6.703608600000001,13.8655836,88.71108714,3.36326346,178.76289599999996
5.42,542,-0.117,-0.905,0.222,6.990087599999999,14.7823164,11.5737516,88.79130126,3.2486718599999995,178.91186507999996
5.43,543,-0.127,-0.987,0.187,3.6096354,20.5691922,11.917526400000002,88.8371379,3.12835068,179.11812996
5.4399999999999995,544,-0.108,-1.047,0.171,1.7188740000000002,24.1788276,14.4385416,88.86005622,2.98511118,179.36450190000005
5.45,545,-0.07200000000000001,-1.0490000000000002,0.191,0.6875496,27.043617600000005,16.902261,88.9230816,2.79030546,179.63379216
5.46,546,-0.031,-1.022,0.192,-1.145916,28.4760126,17.0741484,88.91735202,2.61841806,179.92027116000003
5.47,547,0.021,-0.956,0.117,-4.7555514,28.1322378,14.5531332,88.88297453999998,2.46944898,-179.7942204
5.4799999999999995,548,0.111,-0.887,0.023,-7.2192707999999985,25.210152,9.797581800000001,88.81421958,2.37204612,-179.54211888
5.49,549,0.19,-0.825,-0.098,-6.875496000000001,22.4026578,4.2398892,88.7511942,2.32620948,-179.32439484
5.5,550,0.224,-0.7440000000000001,-0.19,-1.2605076000000002,17.4179232,-3.5523396000000003,88.69389840000002,2.41215318,-179.15823702
5.51,551,0.229,-0.688,-0.162,9.453807000000001,12.4331886,-14.667724800000002,88.79130126,2.55539268,-179.03218626
5.52,552,0.226,-0.68,-0.135,10.8289062,11.5737516,-27.9603504,88.90589286,2.8361421,-178.92332424
5.53,553,0.175,-0.6940000000000001,-0.118,6.0733548,11.917526400000002,-40.33624320000001,88.96891824000002,3.2372127,-178.80873264
5.54,554,0.135,-0.78,-0.1,-1.432395,16.157415599999997,-46.8106686,88.96318865999999,3.70130868,-178.65976356
5.55,555,0.058,-0.93,-0.121,-10.8289062,20.798375399999998,-45.83664,88.84286748000002,4.14248634,-178.45922825999997
5.56,556,-0.034,-1.104,-0.145,-19.595163600000006,25.7258142,-39.3049188,88.65952092,4.53209778,-178.21285632
5.57,557,-0.128,-1.318,-0.191,-23.0902074,31.111619399999995,-31.22621100000001,88.44752645999998,4.8414950999999995,-177.91491816
5.58,558,-0.16699999999999998,-1.521,-0.191,-20.2254174,34.8931422,-24.0069402,88.26417990000002,5.07640788,-177.57687294
5.59,559,-0.139,-1.68,-0.125,-16.558486199999994,35.4088044,-18.7930224,88.12094040000002,5.2654840200000015,-177.23309813999995
5.6,560,-0.049,-1.779,-0.075,-15.985528200000001,36.5547204,-16.673077799999998,87.98343048000002,5.42591226,-176.87786418
5.61,561,0.043,-1.827,-0.07400000000000001,-15.2406828,39.3622146,-17.18874,87.8631093,5.603529239999999,-176.49398232
5.62,562,0.11,-1.815,-0.045,-9.3965112,41.7113424,-19.6524594,87.80008391999998,5.79833496,-176.08718214
5.63,563,0.13,-1.6840000000000002,-0.02,-1.145916,41.596750799999995,-22.5745452,87.82300224,6.0275181600000005,-175.68038196
5.64,564,0.124,-1.555,0.025,11.229976800000001,35.8671708,-23.204799,87.97197132,6.26243094,-175.33087758
5.6499999999999995,565,0.13699999999999998,-1.4280000000000002,0.12,18.162768600000003,28.4187168,-19.0222056,88.18969536,6.45723666,-175.05012816
5.66,566,0.14800000000000002,-1.328,0.197,17.8189938,22.86102420000001,-10.255948199999999,88.39596024,6.560369099999999,-174.82667454
5.67,567,0.139,-1.261,0.218,17.4179232,20.798375399999998,-0.2291832000000001,88.59649553999998,6.560369099999999,-174.61468008
5.68,568,0.08199999999999999,-1.225,0.234,19.0795014,22.345362,7.6203414,88.80848999999998,6.48588456,-174.39122646
5.6899999999999995,569,0.003,-1.195,0.266,21.6578124,27.215505,11.745639,89.06059152,6.37129296,-174.11620662
5.7,570,-0.086,-1.135,0.29,22.86102420000001,35.5806918,11.8602306,89.35852968,6.22232388,-173.75524308
5.71,571,-0.19,-1.012,0.299,22.0015872,45.3209778,9.453807000000001,89.62781994000002,6.11919144,-173.29687668
5.72,572,-0.253,-0.873,0.292,19.0222056,57.86875799999999,5.5003968,89.87419188,6.05616606,-172.72391868
5.7299999999999995,573,-0.278,-0.72,0.28600000000000003,14.9542038,70.07276340000001,2.2345362,90.08618634,6.0160589999999985,-172.02490992
5.74,574,-0.267,-0.605,0.28800000000000003,12.0894138,81.64651500000002,-0.286479,90.28672164,5.9931406800000016,-171.21130956000005
5.75,575,-0.25,-0.539,0.282,9.6256944,92.0743506,-2.9220857999999996,90.49298652,5.96449278,-170.29457676
5.76,576,-0.236,-0.507,0.233,5.5003968,99.4655088,-5.2712136,90.63622602,5.98168152,-169.30335942
5.77,577,-0.231,-0.508,0.181,1.9480572,104.4502434,-6.8182002000000015,90.75081762,6.00459984,-168.26630544
5.78,578,-0.201,-0.53,0.132,-2.2345362,109.6068654,-7.9641161999999985,90.82530216,6.03897732,-167.17195566
5.79,579,-0.126,-0.563,0.102,-6.990087599999999,115.16455800000001,-8.7662574,90.85967964,6.079084379999999,-166.03176924000005
5.8,580,-0.06,-0.606,0.08199999999999999,-15.870936600000002,120.32118,-9.797581800000001,90.813843,6.113461859999999,-164.83428701999995
5.81,581,-0.006,-0.682,-0.004,-26.298772200000002,121.5243918,-10.9434978,90.65914434,6.17648724,-163.62534564
5.82,582,0.047,-0.758,-0.119,-32.658606,118.6596018,-10.1986524,90.43569072,6.22805346,-162.45078174
5.83,583,0.058,-0.7979999999999999,-0.228,-32.8877892,109.89334440000002,-8.021412000000002,90.20650752,6.26816052,-161.36216154000005
5.84,584,0.069,-0.78,-0.262,-26.356068,98.6633676,-6.4744254,90.03462012,6.3025379999999975,-160.38240336
5.85,585,0.105,-0.725,-0.218,-16.7303736,87.83446140000002,-6.6463128000000005,89.9257581,6.348374640000001,-159.51150719999995
5.86,586,0.16899999999999998,-0.6609999999999999,-0.09,-5.2712136,78.6671334,-7.8495246,89.94867642,6.40567044,-158.73228432000005
5.87,587,0.218,-0.652,0.053,6.130650599999999,72.82296179999999,-9.3965112,90.08045676,6.48015498,-158.00462766
5.88,588,0.17800000000000002,-0.7020000000000001,0.14400000000000002,17.475219,68.75496,-10.0840608,90.3268287,6.560369099999999,-157.32280764
5.89,589,0.057,-0.7759999999999999,0.214,24.5226024,66.5777196,-9.0527364,90.64768518,6.62912406,-156.65244678000005
5.8999999999999995,590,0.016,-0.8809999999999999,0.196,21.7151082,70.93220040000001,-4.8128472,90.95135292,6.640583220000001,-155.94197886
5.91,591,0.044,-0.975,0.084,15.2406828,73.79699040000001,2.9220857999999996,91.1862657,6.57755784,-155.20859262
5.92,592,0.069,-1.0590000000000002,-0.001,11.745639,67.3798608,12.6623718,91.36961226,6.4228591800000014,-154.54396133999995
5.93,593,0.081,-1.152,0.083,11.3445684,57.467687399999996,20.7410796,91.54149966,6.18221682,-153.97673292
5.9399999999999995,594,0.151,-1.275,0.101,0.572958,53.34238979999999,27.9603504,91.59306588,5.87854908,-153.45534114
5.95,595,0.235,-1.4280000000000002,-0.015,-14.610429000000002,46.065823200000004,37.3568616,91.48420386,5.48320806,-153.00843390000003
5.96,596,0.354,-1.5930000000000002,-0.071,-22.91832,34.950438,41.539455,91.27793898,5.05348956,-152.67611826
5.97,597,0.5429999999999999,-1.747,-0.047,-23.14750320000001,28.074942,38.61736920000001,91.06021494,4.65241896,-152.41255758
5.9799999999999995,598,0.735,-1.861,-0.015,-21.9442914,22.345362,31.8564648,90.84822048,4.325832900000001,-152.19483354
5.99,599,0.795,-1.842,0.025,-14.667724800000002,17.246035799999998,23.14750320000001,90.71071056,4.09092012,-152.0344053
6.0,600,0.638,-1.742,0.09,-7.2192707999999985,16.501190400000002,13.6364004,90.64768518,3.9534102,-151.87397706000004
6.01,601,0.44,-1.69,0.116,-9.1100322,20.511896399999998,3.4377480000000005,90.56747106,3.90757356,-151.66771218
6.02,602,0.304,-1.753,0.063,-10.9434978,25.210152,-4.3544808,90.4700682,3.94195104,-151.42134024
6.03,603,0.202,-1.879,0.083,-5.3858052,29.7365202,-6.3025379999999975,90.42996114,3.99351726,-151.12340208
6.04,604,0.098,-1.877,0.155,2.0053530000000004,38.5600734,-1.6615782,90.4700682,3.99924684,-150.74524979999995
6.05,605,-0.017,-1.744,0.198,2.6929026,49.3316838,3.5523396000000003,90.53309358,3.94195104,-150.25250592
6.06,606,-0.11,-1.534,0.16699999999999998,-1.6615782,61.7648724,4.7555514,90.54455274,3.873196080000002,-149.64517044
6.07,607,-0.17,-1.341,0.138,-7.6203414,73.45321560000002,0.5156622000000001,90.51017526,3.8388186000000006,-148.91751377999995
6.08,608,-0.161,-1.208,0.14800000000000002,-13.750992000000002,82.4486562,-7.333862400000001,90.4127724,3.88465524,-148.10391342
6.09,609,-0.075,-1.114,0.155,-19.480572,88.2928278,-15.5844576,90.26380332,4.00497642,-147.22728768000005
6.1,610,0.058,-1.043,0.15,-22.631841,92.1889422,-21.3713334,90.09191592,4.19405256,-146.31628446
6.11,611,0.214,-0.961,0.142,-23.8923486,94.8818448,-22.4026578,89.90856936,4.38885828,-145.37663334
6.12,612,0.306,-0.871,0.134,-24.1215318,96.25694399999999,-17.589810600000003,89.72522280000004,4.53782736,-144.42552306
6.13,613,0.329,-0.7829999999999999,0.096,-24.2934192,94.7672532,-10.1413566,89.54187624,4.612311900000001,-143.49160152
6.14,614,0.293,-0.693,0.04,-23.2620948,90.6992514,-3.2658606,89.36425926,4.629500640000002,-142.59205746
6.15,615,0.235,-0.617,0.001,-21.829699800000004,86.23017899999998,0.6875496,89.19810143999999,4.62377106,-141.73835004
6.16,616,0.183,-0.5660000000000001,-0.009000000000000001,-20.6837838,83.07891,1.7761698,89.04340278,4.59512316,-140.91902009999995
6.17,617,0.142,-0.545,-0.003,-20.626488,81.4173318,0.4010706,88.88297453999998,4.57793442,-140.11114932
6.18,618,0.101,-0.5329999999999999,0.014,-21.2567418,82.4486562,-2.3491278,88.7225463,4.59512316,-139.29754896000003
6.1899999999999995,619,0.077,-0.544,0.035,-21.1421502,85.37074199999998,-5.6722842,88.56784764,4.64668938,-138.4553007
6.2,620,0.073,-0.573,0.052000000000000005,-21.2567418,90.41277240000001,-7.5630456000000015,88.41314897999996,4.72117392,-137.56148622
6.21,621,0.08,-0.618,0.067,-20.2827132,94.824549,-7.448453999999999,88.27563906,4.79565846,-136.62756468
6.22,622,0.101,-0.6809999999999999,0.085,-18.2773602,98.9498466,-5.9014674000000005,88.15531788,4.858683839999999,-135.6478065
6.2299999999999995,623,0.128,-0.752,0.097,-16.4438946,102.1584114,-3.6096354,88.0636446,4.898790900000002,-134.63940042
6.24,624,0.158,-0.823,0.112,-13.6364004,105.137793,-0.7448454000000001,88.00061922,4.91025006,-133.59661685999998
6.25,625,0.183,-0.895,0.125,-9.6829902,107.143146,2.4637194,87.98916005999996,4.90452048,-132.53091498
6.26,626,0.198,-0.95,0.138,-4.8701430000000006,108.4609494,5.6722842,88.01780796,4.85295426,-131.45375394
6.27,627,0.195,-0.998,0.141,-0.4010706,110.294415,8.7089616,88.0922925,4.77274014,-130.35940416
6.28,628,0.179,-1.012,0.13,2.7501984,113.2737966,10.7716104,88.19542494,4.675337279999999,-129.23067690000002
6.29,629,0.16,-0.995,0.121,4.4690724,115.5083328,12.3758928,88.3214757,4.5550161000000005,-128.07903131999998
6.3,630,0.139,-0.967,0.119,4.9847345999999995,116.596953,14.152062599999999,88.45898561999998,4.41750618,-126.92165616
6.31,631,0.123,-0.966,0.087,2.6356068,117.28450259999998,16.329303,88.55638848,4.25707794,-125.75282184
6.32,632,0.115,-0.997,0.049,-0.1718874,117.45638999999998,18.334656,88.62514344,4.0680017999999984,-124.58398752
6.33,633,0.102,-1.072,0.011,-0.7448454000000001,114.93537479999999,19.0795014,88.68243924,3.873196080000002,-123.44380110000002
6.34,634,0.075,-1.166,-0.018000000000000002,0.0,109.721457,18.7930224,88.73973504,3.67839036,-122.34945132
6.35,635,0.049,-1.221,0.01,5.3285094000000015,102.9605526,15.183387000000002,88.84859706,3.5236917,-121.32958607999998
6.36,636,0.051,-1.205,0.059,11.229976800000001,98.262297,5.7868758000000025,89.00902529999998,3.45493674,-120.3498279
6.37,637,0.048,-1.178,0.048,12.6623718,97.2882684,-6.875496000000001,89.1809127,3.5122325400000003,-119.38725846
6.38,638,0.061,-1.157,0.009000000000000001,12.261301199999998,98.835255,-21.7151082,89.3528001,3.71849742,-118.40750028
6.39,639,0.062,-1.134,-0.043,12.0894138,102.4448904,-34.8358464,89.53041707999998,4.04508348,-117.39336462
6.4,640,0.023,-1.124,-0.067,12.7769634,103.0178484,-41.9978214,89.71376364,4.43469492,-116.37349938
6.41,641,-0.024,-1.091,-0.037000000000000005,10.7716104,103.5908064,-40.5654264,89.8971102,4.81857678,-115.34790456
6.42,642,-0.051,-1.017,-0.014,5.7868758000000025,106.5128922,-33.3461556,90.02889053999998,5.11651494,-114.28793226
6.43,643,-0.058,-0.955,-0.015,0.0,111.7841058,-23.6631654,90.11483424,5.32277982,-113.17639374
6.4399999999999995,644,-0.066,-0.966,-0.023,-5.7868758000000025,119.4044472,-16.329303,90.14921172,5.44883058,-111.99037068
6.45,645,-0.077,-1.051,-0.024,-8.7089616,125.4205062,-12.4904844,90.16067088,5.52331512,-110.74705182
6.46,646,-0.086,-1.169,-0.011,-9.6256944,131.0354946,-9.8548776,90.17213004,5.58061092,-109.44643716
6.47,647,-0.097,-1.262,0.025,-8.651665800000002,136.93696200000002,-7.3911582,90.20077794,5.60925882,-108.0885267
6.4799999999999995,648,-0.101,-1.305,0.08199999999999999,-5.5576926,143.29679579999996,-6.130650599999999,90.26380332,5.62644756,-106.66759086
6.49,649,-0.098,-1.285,0.126,-1.3750992,149.5993338,-7.1046792000000005,90.37266534,5.6436363,-105.18362964
6.5,650,-0.07200000000000001,-1.222,0.17,3.4377480000000005,155.0997306,-8.7089616,90.55028232,5.6722842,-103.64237262
6.51,651,-0.036000000000000004,-1.163,0.187,6.990087599999999,159.1677324,-9.3965112,90.7565472,5.7009320999999975,-102.05527896
6.52,652,0.009000000000000001,-1.112,0.207,7.7349330000000025,162.720072,-8.307891,90.97427124,5.71812084,-100.4395374
6.53,653,0.033,-1.075,0.195,5.2712136,165.871341,-6.703608600000001,91.16907696,5.70666168,-98.78941836
6.54,654,0.057,-1.037,0.16,1.0886202,169.42368059999995,-5.5003968,91.32377562,5.67801378,-97.11065142
6.55,655,0.066,-1.025,0.141,-2.0053530000000004,172.746837,-4.5263682,91.45555596,5.63217714,-95.39177742
6.56,656,0.057,-1.022,0.119,-4.7555514,175.7835144,-3.8961144,91.55295882,5.58061092,-93.6499851
6.57,657,0.033,-1.017,0.113,-7.6203414,177.4450926,-2.86479,91.62171378,5.51185596,-91.89100404
6.58,658,0.005,-0.992,0.112,-10.4851314,178.93478340000001,-1.6042823999999998,91.66182084,5.42591226,-90.11483424
6.59,659,-0.01,-0.951,0.109,-13.8655836,181.914165,-1.0313244,91.66182084,5.33423898,-88.31574612
6.6,660,-0.004,-0.907,0.103,-17.4179232,187.1280828,-1.7188740000000002,91.63890252,5.23683612,-86.4593622
6.61,661,0.003,-0.884,0.101,-19.194093,191.4825636,-3.151269,91.5873363,5.16235158,-84.56287122
6.62,662,0.015,-0.88,0.104,-19.308684600000007,195.092199,-5.042030400000002,91.53577008,5.10505578,-82.63200276
6.63,663,0.029,-0.897,0.122,-18.334656,197.4413268,-6.5317212,91.5013926,5.06494872,-80.67821597999998
6.64,664,0.058,-0.924,0.134,-18.3919518,198.5872428,-7.5630456000000015,91.45555596,5.03057124,-78.70724046000002
6.65,665,0.091,-0.95,0.124,-18.2773602,197.8996932,-8.021412000000002,91.42117848,5.00765292,-76.7477241
6.66,666,0.133,-0.976,0.105,-17.0741484,195.665157,-8.021412000000002,91.39253058,4.9847346,-74.80539647999998
6.67,667,0.171,-0.977,0.087,-15.183387000000002,192.4565922,-8.250595200000001,91.37534184,4.96754586,-72.89744634
6.68,668,0.203,-0.961,0.065,-11.9748222,186.784308,-9.797581800000001,91.39253058,4.96754586,-71.04679200000002
6.6899999999999995,669,0.215,-0.941,0.055,-8.7089616,180.5963616,-11.917526400000002,91.43263764,4.99619376,-69.25343346
6.7,670,0.207,-0.92,0.046,-6.8182002000000015,173.60627399999996,-14.7823164,91.48993344,5.05921914,-67.53455946
6.71,671,0.18600000000000005,-0.884,0.042,-5.2139178,168.3923562,-18.162768600000003,91.56441798,5.15089242,-65.85579252
6.72,672,0.154,-0.86,0.043,-1.6042823999999998,163.92328380000004,-21.6005166,91.67328,5.2712136,-64.22859179999999
6.7299999999999995,673,0.126,-0.866,0.07200000000000001,1.7188740000000002,159.68339459999999,-24.4653066,91.8165195,5.42018268,-62.63576856
6.74,674,0.094,-0.892,0.13699999999999998,2.7501984,155.32891379999995,-26.298772200000002,91.97121816,5.59207008,-61.08878196000001
6.75,675,0.055,-0.924,0.201,0.6875496,152.75060280000002,-27.7311672,92.12018724,5.76968706,-59.5589841
6.76,676,0.026,-0.961,0.22,-3.2658606,152.57871540000005,-29.1062664,92.22331968,5.958763200000001,-58.03491582
6.77,677,0.01,-0.996,0.211,-5.5003968,154.985139,-29.4500412,92.30926338,6.147839339999999,-56.48792922
6.78,678,-0.021,-1.021,0.197,-8.4224826,155.9018718,-29.335449600000004,92.37228876,6.3311859,-54.92948345999999
6.79,679,-0.028,-1.047,0.15,-13.9228794,155.61539280000005,-28.361421000000004,92.38374792,6.5030733,-53.37676728
6.8,680,0.001,-1.0659999999999998,0.097,-17.589810600000003,155.21432219999997,-26.41336380000001,92.36082960000002,6.65777196,-51.8240511
6.81,681,0.08,-1.09,0.081,-19.194093,155.558097,-24.5798982,92.32645212,6.7895523,-50.27133492
6.82,682,0.191,-1.107,0.097,-21.3140376,155.04243480000005,-23.7204612,92.2748859,6.92133264,-48.72434832
6.83,683,0.28,-1.118,0.101,-22.9756158,153.20896919999996,-24.637194,92.20613094,7.06457214,-47.19455046
6.84,684,0.321,-1.132,0.07400000000000001,-25.9549974,150.00040439999995,-24.9809688,92.10872808,7.213541219999999,-45.6934005
6.85,685,0.306,-1.124,0.025,-28.1322378,144.9010782,-21.7151082,91.98267732,7.34532156,-44.24954634
6.86,686,0.29,-1.102,0.0,-28.5906042,139.801752,-15.813640800000002,91.85089698,7.41407652,-42.8572584
6.87,687,0.302,-1.07,0.001,-28.991674800000002,136.4785956,-10.599723,91.71338706000002,7.43699484,-41.49361836
6.88,688,0.317,-1.047,-0.001,-29.392745399999995,132.5824812,-7.2765666,91.57014756,7.431265259999999,-40.17581496
6.89,689,0.316,-1.045,-0.027000000000000003,-30.8824362,126.1080558,-5.0993262,91.39826016,7.41407652,-38.92676652
6.9,690,0.29600000000000004,-1.036,-0.043,-31.3980984,117.6855732,-2.0626488000000003,91.20918402,7.385428619999999,-37.757932200000006
6.91,691,0.256,-0.998,-0.025,-28.4760126,109.721457,2.0626488000000003,91.0430262,7.31094408,-36.66931200000001
6.92,692,0.218,-0.95,0.019,-23.2620948,104.278356,4.2398892,90.92270502,7.2192707999999985,-35.63225802
6.93,693,0.165,-0.917,0.054000000000000006,-20.511896399999998,103.5335106,4.7555514,90.83103174,7.12759752,-34.60666320000001
6.9399999999999995,694,0.104,-0.91,0.071,-21.199446,105.8826384,4.4690724,90.73362888,7.03592424,-33.55242048
6.95,695,0.059,-0.915,0.075,-24.4080108,111.153852,3.724227,90.60757812,6.94998054,-32.45234112
6.96,696,0.044,-0.925,0.062,-28.1322378,118.029348,2.4637194,90.44714988,6.8812255800000015,-31.27777722
6.97,697,0.049,-0.941,0.045,-31.2835068,124.3891818,1.432395,90.25807374,6.82392978,-30.04591752
6.9799999999999995,698,0.065,-0.965,0.024,-33.9191136,129.25932479999997,1.3178034,90.05180886000002,6.76663398,-28.762491600000004
6.99,699,0.098,-1.0,-0.016,-37.41415739999999,131.89493159999998,2.291832,89.80543692,6.7093381800000005,-27.45614736
7.0,700,0.16399999999999998,-1.022,-0.065,-41.7113424,132.353298,3.5523396000000003,89.51322834,6.6463128,-26.14407354
7.01,701,0.245,-1.011,-0.07400000000000001,-41.1383844,127.5977466,4.297185,89.22101975999998,6.57755784,-24.87783636
7.02,702,0.318,-0.986,-0.073,-37.24227,118.5450102,3.8388186,88.96318865999999,6.52026204,-23.70327246
7.03,703,0.396,-0.966,-0.063,-31.3980984,109.0339074,2.0053530000000004,88.7511942,6.49161414,-22.62038184
7.04,704,0.466,-0.953,-0.039,-25.84040580000001,100.7260164,-0.6302538000000001,88.59076596,6.49161414,-21.62343492
7.05,705,0.486,-0.937,-0.018000000000000002,-18.048177,92.4181254,-3.5523396000000003,88.4933631,6.566098679999999,-20.70097254
7.06,706,0.444,-0.924,0.019,-11.4018642,84.797784,-6.0733548,88.4647152,6.623394479999999,-19.86445386
7.07,707,0.377,-0.915,0.07,-5.443101,78.49524600000002,-9.3965112,88.48763352,6.7150677599999975,-19.08523098
7.08,708,0.308,-0.934,0.118,-0.6302538000000001,73.28132819999998,-13.178034,88.55638848,6.8468481,-18.35757432
7.09,709,0.257,-0.96,0.15,0.5156622000000001,70.7030172,-16.2147114,88.63660259999996,7.001546759999999,-17.65283598
7.1,710,0.214,-0.987,0.157,1.0313244,68.58307260000001,-17.18874,88.74546462,7.1848933200000005,-16.97101596
7.11,711,0.191,-1.009,0.149,0.8594370000000001,67.036086,-16.386598799999998,88.83140832000002,7.34532156,-16.30638468
7.12,712,0.189,-1.022,0.126,0.4010706,66.00476160000001,-14.2093584,88.91162244,7.477101899999999,-15.65321256
7.13,713,0.207,-1.023,0.098,0.3437748,64.51507079999999,-11.5737516,88.99183656,7.58596392,-15.011499600000002
7.14,714,0.24,-1.013,0.07,0.1718874,62.5097178,-9.167328,89.06632110000002,7.6719076200000025,-14.38697538
7.15,715,0.273,-0.995,0.046,-0.1718874,59.8168152,-6.875496000000001,89.14080564,7.763580899999999,-13.79109906
7.16,716,0.301,-0.976,0.03,-0.9740286,56.149884,-5.2139178,89.19810143999999,7.80941754,-13.22960022
7.17,717,0.315,-0.966,0.011,-1.6615782,52.597544400000004,-4.010706000000001,89.24393807999998,7.84379502,-12.70247886
7.18,718,0.319,-0.957,-0.001,-2.4637194,49.5035712,-3.0939732,89.28404514,7.866713339999999,-12.20973498
7.1899999999999995,719,0.32,-0.946,-0.01,-3.0366774,46.9252602,-2.7501984,89.30696345999998,7.88390208,-11.745639
7.2,720,0.316,-0.935,-0.014,-2.9793816000000004,44.404245,-2.5210152000000003,89.3241522,7.95265704,-11.29873176
7.21,721,0.308,-0.923,-0.016,-2.4064236,41.7113424,-2.1772404,89.3528001,7.96984578,-10.886202
7.22,722,0.292,-0.912,-0.015,-1.3178034,39.4195104,-1.6042823999999998,89.38717758,7.9813049399999985,-10.49086098
7.2299999999999995,723,0.263,-0.909,-0.017,0.6875496,37.4714532,-0.4010706,89.44447338,7.975575359999999,-10.11843828
7.24,724,0.232,-0.912,-0.003,3.380452200000001,35.8671708,0.9167328,89.5246875,7.9583866200000015,-9.75747474
7.25,725,0.215,-0.921,0.012,5.5576926,35.0650296,1.9480572,89.62209035999999,7.9583866200000015,-9.407970359999998
7.26,726,0.207,-0.935,0.021,6.703608600000001,34.60666320000001,2.9220857999999996,89.73668196000001,7.92400914,-9.05846598
7.27,727,0.208,-0.95,0.027000000000000003,6.9327918,33.9764094,3.724227,89.84554397999999,7.878172500000002,-8.72042076
7.28,728,0.221,-0.97,0.033,6.6463128000000005,33.0596766,4.4117766,89.95440599999998,7.82660628,-8.38810512
7.29,729,0.251,-1.001,0.016,5.5576926,33.116972399999995,4.9847345999999995,90.05180886000002,7.76931048,-8.05578948
7.3,730,0.262,-1.027,0.002,5.2139178,33.403451399999994,6.016058999999999,90.13775256,7.72920342,-7.72347384
7.31,731,0.254,-1.044,0.0,6.3598338,33.5753388,7.906820400000001,90.24661458,7.64325972,-7.385428619999999
7.32,732,0.226,-1.04,0.005,6.875496000000001,34.2055926,9.9121734,90.3554766,7.534397699999999,-7.0473833999999975
7.33,733,0.193,-1.018,0.011,7.0473834,35.122325399999994,11.516455800000001,90.4700682,7.408346939999999,-6.69787902
7.34,734,0.158,-0.998,0.008,7.333862400000001,35.4088044,12.0894138,90.5846598,7.2765666,-6.34264506
7.35,735,0.133,-0.983,0.005,7.906820400000001,35.4088044,11.45916,90.69925140000001,7.15051584,-5.9931406800000016
7.36,736,0.12,-0.981,0.002,8.880849000000003,35.17962120000001,9.9121734,90.82530216,7.03592424,-5.6436363
7.37,737,0.117,-0.991,0.001,10.1986524,34.60666320000001,8.021412000000002,90.96854166,6.94425096,-5.2998615
7.38,738,0.13,-1.0,-0.003,11.0580894,34.091001,6.3025379999999975,91.11751074,6.86403684,-4.96181628
7.39,739,0.157,-0.996,-0.005,11.917526400000002,33.1742682,4.6982556,91.2722094,6.80674104,-4.629500640000002
7.4,740,0.18600000000000005,-0.976,-0.004,12.032117999999999,30.8251404,3.9534102,91.4154489,6.77809314,-4.320103319999999
7.41,741,0.219,-0.956,-0.004,12.6623718,27.7311672,3.6669312000000014,91.57014756,6.72652692,-4.04508348
7.42,742,0.245,-0.938,-0.002,13.750992000000002,23.7204612,3.9534102,91.73630538,6.6749607000000015,-3.810170700000002
7.43,743,0.261,-0.928,-0.002,15.870936600000002,18.907614000000002,4.7555514,91.91392236,6.617664899999999,-3.62109456
7.4399999999999995,744,0.259,-0.932,0.009000000000000001,17.761698000000006,14.0947668,6.0733548,92.10872808,6.54890994,-3.48358464
7.45,745,0.24,-0.948,0.023,18.162768600000003,10.026765,7.3911582,92.29207464,6.51453246,-3.380452200000001
7.46,746,0.21,-0.971,0.029,18.907614000000002,6.990087599999999,8.3651868,92.49260994,6.428588760000001,-3.31742682
7.47,747,0.179,-1.001,0.039,21.2567418,4.6982556,8.5370742,92.71033398,6.34264506,-3.27159018
7.4799999999999995,748,0.153,-1.025,0.055,22.7464326,3.2658606,7.8495246,92.94524676,6.26243094,-3.2372127
7.49,749,0.139,-1.039,0.064,22.86102420000001,2.86479,7.1046792000000005,93.18015954,6.19367598,-3.2085648000000004
7.5,750,0.135,-1.036,0.071,22.7464326,2.6929026,6.6463128000000005,93.40934274,6.13638018,-3.18564648
7.51,751,0.14,-1.023,0.079,22.459953600000002,2.6929026,6.3598338,93.64425552,6.0733548000000015,-3.15699858
7.52,752,0.154,-1.009,0.077,22.1161788,2.578311,6.5317212,93.86770914,6.01032942,-3.13408026
7.53,753,0.163,-0.997,0.07,21.772404,1.8334656000000005,6.9327918,94.09116276,5.94157446,-3.1226211000000004
7.54,754,0.168,-0.993,0.069,21.199446,0.286479,7.3911582,94.3088868,5.86708992,-3.11689152
7.55,755,0.16899999999999998,-0.993,0.063,20.05353,-1.7188740000000002,7.906820400000001,94.49223336,5.82125328,-3.1398098400000003
7.56,756,0.16699999999999998,-0.996,0.058,18.621135,-4.2398892,8.4224826,94.67557992,5.746768739999999,-3.18564648
7.57,757,0.159,-0.999,0.053,17.8762896,-6.1879464,8.651665800000002,94.8531969,5.66655462,-3.25440144
7.58,758,0.147,-1.003,0.056,17.7044022,-8.021412000000002,8.5370742,95.0250843,5.59207008,-3.34034514
7.59,759,0.13699999999999998,-1.006,0.057,17.3606274,-9.3392154,8.193299399999999,95.19124212,5.52331512,-3.4377480000000005
7.6,760,0.133,-1.005,0.057,17.0741484,-10.599723,7.5630456000000015,95.33448162,5.47747848,-3.54661002
7.61,761,0.132,-1.001,0.055,17.0168526,-11.688343199999998,6.703608600000001,95.50063944,5.42591226,-3.6669312000000014
7.62,762,0.13699999999999998,-0.999,0.052000000000000005,17.0741484,-12.9488508,5.844171599999999,95.66106768,5.385805199999999,-3.79871154
7.63,763,0.139,-1.0,0.05,17.303331600000003,-14.381245800000002,5.0993262,95.8272255,5.3571573,-3.94768062
7.64,764,0.136,-1.007,0.055,17.475219,-15.9282324,4.8128472,95.99338332,5.3285094000000015,-4.102379279999999
7.65,765,0.13699999999999998,-1.01,0.058,17.3606274,-16.7303736,4.9274388,96.13089324,5.31705024,-4.27426668
7.66,766,0.135,-1.009,0.062,17.0741484,-17.246035799999998,4.8128472,96.29132148,5.29413192,-4.44615408
7.67,767,0.129,-1.009,0.068,16.615782,-18.1054728,4.9274388,96.44602014,5.2712136,-4.629500640000002
7.68,768,0.121,-1.01,0.07400000000000001,16.042824000000003,-19.0795014,4.9274388,96.59498922000002,5.25402486,-4.81857678
7.6899999999999995,769,0.111,-1.015,0.083,15.5844576,-19.8243468,4.9274388,96.73822872,5.231106540000001,-5.01911208
7.7,770,0.1,-1.02,0.091,15.0114996,-19.8243468,4.9847345999999995,96.8585499,5.2139178,-5.21964738
7.71,771,0.092,-1.023,0.099,14.0947668,-19.595163600000006,4.9847345999999995,96.98460066,5.19672906,-5.42018268
7.72,772,0.086,-1.022,0.107,12.891555,-19.0795014,4.9847345999999995,97.10492184,5.17381074,-5.60925882
7.7299999999999995,773,0.084,-1.019,0.111,11.9748222,-18.8503182,5.0993262,97.20805428,5.1566220000000005,-5.79833496
7.74,774,0.08800000000000001,-1.014,0.113,11.2872726,-18.8503182,5.042030400000002,97.31118672,5.13370368,-5.9931406800000016
7.75,775,0.092,-1.016,0.118,10.4278356,-19.0222056,5.2139178,97.39140084,5.11651494,-6.18221682
7.76,776,0.094,-1.018,0.119,9.167328,-19.480572,5.443101,97.46588538,5.0935966200000005,-6.382752120000001
7.77,777,0.096,-1.017,0.119,7.9641161999999985,-19.938938399999998,5.6722842,97.53464034,5.06494872,-6.58328742
7.78,778,0.096,-1.019,0.117,6.990087599999999,-20.1108258,5.958763200000001,97.59193614,5.042030400000002,-6.7895523
7.79,779,0.097,-1.018,0.116,6.3025379999999975,-20.3973048,6.0733548,97.63777278,5.0133825000000005,-6.99581718
7.8,780,0.095,-1.014,0.113,5.6722842,-20.626488,5.844171599999999,97.6606911,4.99046418,-7.20781164
7.81,781,0.092,-1.01,0.112,5.443101,-20.8556712,5.2712136,97.70079816,4.97327544,-7.4198061
7.82,782,0.08900000000000001,-1.012,0.113,5.1566220000000005,-21.1421502,4.7555514,97.74090522,4.96181628,-7.63180056
7.83,783,0.08199999999999999,-1.009,0.114,4.6982556,-21.3713334,4.297185,97.76955312,4.9560867,-7.84379502
7.84,784,0.078,-1.008,0.11,4.1825934,-21.6005166,3.8961144,97.79820102,4.95035712,-8.06151906
7.85,785,0.071,-1.008,0.105,3.8961144,-21.6578124,3.7815227999999994,97.79820102,4.94462754,-8.28497268
7.86,786,0.068,-1.005,0.103,3.7815227999999994,-21.3140376,3.4950437999999995,97.82111934,4.94462754,-8.49696714
7.87,787,0.065,-1.005,0.104,4.297185,-20.511896399999998,3.2085648,97.84976724,4.94462754,-8.70323202
7.88,788,0.062,-1.007,0.11,5.042030400000002,-19.7097552,2.9793816000000004,97.8898743,4.95035712,-8.89803774
7.89,789,0.059,-1.007,0.117,5.443101,-18.7357266,2.8074942000000003,97.92998136,4.95035712,-9.081384300000002
7.9,790,0.057,-1.007,0.119,5.3285094000000015,-17.7044022,2.5210152000000003,97.9471701,4.94462754,-9.26473086
7.91,791,0.058,-1.006,0.118,5.2139178,-16.501190400000002,2.2345362,97.98727716,4.94462754,-9.4251591
7.92,792,0.062,-1.004,0.116,4.4690724,-15.4125702,2.1772404,98.02165464,4.95035712,-9.57985776
7.93,793,0.065,-0.998,0.112,4.297185,-14.667724800000002,2.0626488000000003,98.05603212,4.9560867,-9.72882684
7.94,794,0.063,-0.997,0.114,4.4117766,-14.266654199999998,2.0626488000000003,98.09040960000002,4.9560867,-9.87206634
7.95,795,0.059,-0.997,0.114,4.0680017999999984,-13.6364004,2.1772404,98.09040960000002,4.94462754,-10.00957626
7.96,796,0.054000000000000006,-0.999,0.115,3.9534102,-13.0634424,2.1199446,98.1190575,4.94462754,-10.1413566
7.97,797,0.053,-0.999,0.116,4.1825934,-12.318597,1.7761698,98.15343498,4.95035712,-10.26167778
7.9799999999999995,798,0.05,-1.001,0.12,4.297185,-11.45916,1.432395,98.18781246,4.9560867,-10.37626938
7.99,799,0.047,-1.004,0.121,4.1252976000000015,-10.1986524,0.9740286,98.22218994,4.96181628,-10.47940182
8.0,800,0.046,-1.005,0.122,3.8961144,-8.880849000000003,0.7448454000000001,98.21073078,4.93316838,-10.571075099999998
8.01,801,0.046,-1.007,0.124,3.380452200000001,-7.7922288,0.4010706,98.23937868,4.93889796,-10.65128922
8.02,802,0.047,-1.006,0.119,2.9220857999999996,-6.589017,0.057295800000000015,98.26802658,4.95035712,-10.7143146
8.03,803,0.05,-1.005,0.119,3.0366774,-5.2712136,-0.11459160000000004,98.2909449,4.96181628,-10.76588082
8.04,804,0.052000000000000005,-1.004,0.121,3.0939732,-4.1825934,-0.1718874,98.3195928,4.97327544,-10.80598788
8.05,805,0.056,-1.004,0.122,3.151269,-3.4377480000000005,-0.057295800000000015,98.26802658,4.9274388,-10.85182452
8.06,806,0.06,-1.002,0.123,2.9220857999999996,-2.8074942000000003,0.1718874,98.29667448,4.93316838,-10.88047242
8.07,807,0.066,-0.996,0.121,2.9793816000000004,-2.2345362,0.1718874,98.32532238000002,4.93316838,-10.89766116
8.08,808,0.069,-0.993,0.123,2.9793816000000004,-1.8334656000000005,0.11459160000000004,98.35397028,4.93889796,-10.92057948
8.09,809,0.066,-0.995,0.118,2.6356068,-1.6615782,0.0,98.3768886,4.93889796,-10.93776822
8.1,810,0.062,-0.997,0.115,2.0626488000000003,-1.432395,-0.1718874,98.22791952,4.88160216,-10.96641612
8.11,811,0.06,-1.001,0.113,1.9480572,-0.9167328,-0.4583664000000001,98.24510826,4.88733174,-10.97787528
8.12,812,0.059,-1.005,0.112,1.8907613999999997,-0.4010706,-0.572958,98.26802658,4.893061319999998,-10.97787528
8.13,813,0.059,-1.007,0.112,1.8907613999999997,0.1718874,-0.5156622000000001,98.28521532,4.898790900000002,-10.97787528
8.14,814,0.06,-1.003,0.111,1.7188740000000002,1.145916,-0.4583664000000001,98.30240406,4.90452048,-10.96641612
8.15,815,0.062,-1.003,0.111,2.0053530000000004,1.9480572,-0.5156622000000001,98.18781246,4.86441342,-10.96068654
8.16,816,0.064,-1.005,0.116,2.0626488000000003,2.4637194,-0.4010706,98.21073078,4.86441342,-10.932038639999998
8.17,817,0.068,-1.004,0.116,1.8907613999999997,2.9220857999999996,-0.286479,98.2336491,4.86441342,-10.90339074
8.18,818,0.07400000000000001,-1.001,0.116,1.8907613999999997,3.2085648,-0.057295800000000015,98.25656742,4.858683839999999,-10.87474284
8.19,819,0.081,-0.997,0.117,1.8907613999999997,3.2085648,-0.057295800000000015,98.27948574,4.85295426,-10.84036536
8.2,820,0.084,-0.995,0.114,1.8334656000000005,3.2085648,-0.1718874,98.1763533,4.86441342,-10.81744704
8.209999999999999,821,0.084,-0.994,0.109,1.7188740000000002,3.2085648,-0.2291832000000001,98.19927162,4.858683839999999,-10.78879914
8.22,822,0.084,-0.995,0.108,2.291832,2.86479,-0.286479,98.22218994,4.858683839999999,-10.76015124
8.23,823,0.08199999999999999,-0.996,0.113,2.86479,2.3491278,-0.3437748,98.25083784,4.858683839999999,-10.73150334
8.24,824,0.079,-1.002,0.122,3.0366774,1.9480572,-0.1718874,98.28521532,4.858683839999999,-10.7143146
8.25,825,0.08,-1.004,0.125,2.6929026,1.7761698,0.0,98.2050012,4.86441342,-10.70858502
8.26,826,0.084,-1.003,0.126,2.4637194,1.8334656000000005,0.0,98.2336491,4.858683839999999,-10.6856667
8.27,827,0.087,-1.003,0.124,2.0626488000000003,1.5469866,-0.1718874,98.25083784,4.858683839999999,-10.67420754
8.28,828,0.087,-1.003,0.12,1.6615782,1.3750992,-0.4010706,98.27375616,4.858683839999999,-10.6570188
8.29,829,0.08800000000000001,-1.001,0.115,1.6615782,1.0886202,-0.3437748,98.2909449,4.86441342,-10.64555964
8.3,830,0.085,-1.001,0.112,2.1199446,1.0313244,-0.2291832000000001,98.1477054,4.87587258,-10.65128922
8.31,831,0.084,-1.005,0.117,2.4064236,0.9740286,-0.1718874,98.17062372,4.87587258,-10.63983006
8.32,832,0.08199999999999999,-1.006,0.121,2.0626488000000003,0.9167328,-0.11459160000000004,98.19354204,4.87587258,-10.6283709
8.33,833,0.081,-1.004,0.124,1.6042823999999998,0.9740286,-0.2291832000000001,98.21073078,4.87587258,-10.62264132
8.34,834,0.08199999999999999,-1.001,0.125,1.0886202,1.0313244,-0.286479,98.22218994,4.88160216,-10.61118216
8.35,835,0.084,-0.997,0.126,0.7448454000000001,1.0886202,-0.4010706,98.04457296,4.91025006,-10.61691174
8.36,836,0.087,-0.998,0.125,0.5156622000000001,0.9167328,-0.4583664000000001,98.05030254,4.91025006,-10.60545258
8.37,837,0.08900000000000001,-1.001,0.125,0.4583664000000001,0.8021411999999999,-0.4010706,98.05603212,4.91597964,-10.59399342
8.38,838,0.092,-1.005,0.123,0.6302538000000001,0.8594370000000001,-0.4010706,98.0617617,4.91597964,-10.58826384
8.39,839,0.094,-1.004,0.124,0.8021411999999999,0.6875496,-0.4583664000000001,98.06749128,4.921709219999999,-10.57680468
8.4,840,0.094,-1.005,0.125,0.8021411999999999,0.572958,-0.3437748,97.83830808,4.99619376,-10.59399342
8.41,841,0.094,-1.003,0.125,0.4010706,0.3437748,-0.286479,97.84403766,5.001923339999999,-10.58826384
8.42,842,0.093,-0.998,0.125,0.11459160000000004,0.2291832000000001,-0.286479,97.84403766,5.001923339999999,-10.58826384
8.43,843,0.09,-0.999,0.121,0.0,0.11459160000000004,-0.286479,97.84403766,5.00765292,-10.58253426
8.44,844,0.087,-1.0,0.121,-0.1718874,0.11459160000000004,-0.2291832000000001,97.84403766,5.00765292,-10.58253426
8.45,845,0.086,-1.0,0.123,-0.3437748,0.286479,-0.2291832000000001,97.49453327999998,5.05921914,-10.61118216
8.459999999999999,846,0.087,-1.002,0.122,-0.4583664000000001,0.286479,-0.286479,97.4888037,5.06494872,-10.60545258
8.47,847,0.08800000000000001,-1.003,0.123,-0.8021411999999999,0.1718874,-0.4583664000000001,97.48307412,5.0706783,-10.60545258
8.48,848,0.08800000000000001,-1.004,0.122,-0.7448454000000001,0.4010706,-0.6875496,97.47734454000002,5.07640788,-10.599723
8.49,849,0.08900000000000001,-1.003,0.125,-0.7448454000000001,0.5156622000000001,-0.7448454000000001,97.46588538,5.08213746,-10.59399342
8.5,850,0.09,-1.0,0.129,-0.9167328,0.6875496,-0.6875496,97.3742121,5.11651494,-10.59399342
8.51,851,0.092,-0.995,0.126,-0.8594370000000001,0.6875496,-0.4010706,97.36848252,5.1222445200000015,-10.58253426
8.52,852,0.08900000000000001,-0.996,0.127,-0.572958,0.8021411999999999,-0.286479,97.36275294,5.1222445200000015,-10.57680468
8.53,853,0.085,-1.001,0.127,-0.572958,1.2032118,-0.2291832000000001,97.35702336,5.1222445200000015,-10.56534552
8.54,854,0.08199999999999999,-1.006,0.128,-0.9740286,1.6042823999999998,-0.2291832000000001,97.35129378,5.1222445200000015,-10.54815678
8.55,855,0.08,-1.009,0.132,-1.3750992,1.8907613999999997,-0.3437748,97.29399798,5.11078536,-10.53096804
8.56,856,0.078,-1.008,0.136,-1.5469866,2.2345362,-0.3437748,97.28253881999998,5.11078536,-10.5137793
8.57,857,0.08199999999999999,-1.001,0.138,-1.8334656000000005,2.578311,-0.4583664000000001,97.26535008,5.11078536,-10.4851314
8.58,858,0.08800000000000001,-0.995,0.13699999999999998,-1.9480572,2.8074942000000003,-0.4010706,97.24816134,5.11078536,-10.456483500000001
8.59,859,0.09,-0.989,0.136,-1.6615782,3.3231564,-0.2291832000000001,97.2309726,5.10505578,-10.42210602
8.6,860,0.09,-0.99,0.131,-1.5469866,3.6096354,-0.11459160000000004,97.19086554,5.11078536,-10.38772854
8.61,861,0.085,-0.989,0.13,-1.3750992,3.5523396000000003,0.0,97.17940638,5.10505578,-10.35335106
8.62,862,0.083,-0.987,0.129,-0.9740286,3.6096354,0.057295800000000015,97.1736768,5.0993262,-10.31897358
8.63,863,0.081,-0.987,0.132,-0.8021411999999999,3.5523396000000003,0.1718874,97.16794722,5.0935966200000005,-10.2845961
8.64,864,0.081,-0.99,0.136,-0.6875496,3.6096354,0.3437748,97.16221764,5.08213746,-10.25021862
8.65,865,0.08199999999999999,-0.991,0.133,-0.6302538000000001,3.7815227999999994,0.1718874,97.13356974,5.07640788,-10.215841139999998
8.66,866,0.083,-0.994,0.133,-0.286479,3.8961144,0.0,97.13356974,5.0706783,-10.17573408
8.67,867,0.085,-0.994,0.133,0.0,4.1252976000000015,-0.1718874,97.13929932,5.06494872,-10.13562702
8.68,868,0.083,-0.995,0.136,0.3437748,3.9534102,-0.11459160000000004,97.14502890000001,5.05921914,-10.09551996
8.69,869,0.083,-0.996,0.142,0.4010706,3.8388186,0.057295800000000015,97.15075848,5.05348956,-10.06114248
8.7,870,0.084,-0.999,0.146,0.4010706,3.8388186,0.286479,97.16221764,5.04775998,-10.02103542
8.71,871,0.086,-1.002,0.149,0.057295800000000015,3.8388186,0.4583664000000001,97.16221764,5.042030400000002,-9.98665794
8.72,872,0.086,-1.002,0.14800000000000002,-0.3437748,3.7815227999999994,0.4010706,97.16221764,5.03057124,-9.94655088
8.73,873,0.086,-1.001,0.145,-0.8021411999999999,4.0680017999999984,0.1718874,97.15648806,5.01911208,-9.906443820000002
